DL n=176
Format=edgelist1
Labels embedded
Data:
1164 1013 0.0175000000
1281 1013 0.0201500000
1635 1013 0.0524000007
2537 1013 0.1175666727
2615 1013 0.0372666667
3358 1013 0.0249333336
4279 1013 0.0184000000
5594 1013 0.0566999990
6130 1013 0.0339666673
6196 1013 0.0245000005
7268 1013 0.0166000000
7585 1013 0.0057999999
8162 1013 0.0174666674
9125 1013 0.0019000000
9311 1013 0.0188666670
9483 1013 0.0500000007
9899 1013 0.0016000000
10286 1013 0.0347000005
10379 1013 0.0320999990
10588 1013 0.0093000000
12212 1013 0.0328000000
13329 1013 0.0313999997
14252 1013 0.0066000000
14340 1013 0.0276666663
16710 1013 0.0004000000
19575 1013 0.0233999990
24361 1013 0.0101999995
24428 1013 0.0124499999
25098 1013 0.0331999995
25976 1013 0.0209500000
28853 1013 0.0684666663
28940 1013 0.0187999995
29241 1013 0.0339666673
29287 1013 0.0245999990
29634 1013 0.0211000008
29746 1013 0.0473666663
30029 1013 0.0514666660
30228 1013 0.0166500005
30540 1013 0.0199000000
31578 1013 0.0646333347
31843 1013 0.0815000017
61198 1013 0.0580000020
61489 1013 0.0088999998
61689 1013 0.0233499995
61712 1013 0.0265999995
61753 1013 0.0422999997
61903 1013 0.0231500000
61988 1013 0.0521666677
62709 1013 0.0195000005
63195 1013 0.0538999993
63454 1013 0.0483333333
64103 1013 0.0064500000
65142 1013 0.0449333327
65244 1013 0.0320000005
65686 1013 0.0226666670
65907 1013 0.0138500001
121257 1013 0.0166000005
128698 1013 0.0357333330
129120 1013 0.0365333321
130138 1013 0.0135000000
132525 1013 0.0275999997
133732 1013 0.0690999997
135965 1013 0.0614666680
137668 1013 0.0443999990
137861 1013 0.0033000000
138347 1013 0.0550333327
138613 1013 0.0030000000
138901 1013 0.0150000000
140736 1013 0.0003000000
143971 1013 0.0185000000
1281 1056 0.0012000001
1327 1056 0.0285333333
1635 1056 0.0361000003
1651 1056 0.0003000000
2537 1056 0.0258500000
2615 1056 0.0049000001
3358 1056 0.0177666667
3796 1056 0.0001000000
4279 1056 0.0137666668
5492 1056 0.0241999989
5520 1056 0.0234999990
5594 1056 0.0388999997
5860 1056 0.0096000005
7268 1056 0.0660333337
8162 1056 0.0131500006
9125 1056 0.0027999999
9311 1056 0.0024999999
9483 1056 0.0261666667
10379 1056 0.0379000010
10588 1056 0.0233000000
16710 1056 0.0027000001
24610 1056 0.0451000000
30540 1056 0.0644666663
31578 1056 0.0081000002
31843 1056 0.0038000001
61198 1056 0.0265000000
61689 1056 0.0186499995
61753 1056 0.0588666683
61988 1056 0.0488999993
62549 1056 0.0059000002
63454 1056 0.0052999998
64088 1056 0.0016000000
137668 1056 0.0244000000
140736 1056 0.0029000000
62709 1117 0.0104000000
64103 1117 0.0147000000
1281 1164 0.0155000000
1651 1164 0.0206999995
1773 1164 0.0066999998
2615 1164 0.0033000000
6130 1164 0.0052499998
7964 1164 0.0178666674
9899 1164 0.0562333330
10984 1164 0.0578666653
12212 1164 0.0211333337
13329 1164 0.0156500000
14340 1164 0.0027999999
24361 1164 0.0086000003
24708 1164 0.0165500001
25098 1164 0.0121499995
25976 1164 0.0115000000
28853 1164 0.0200000005
29241 1164 0.0052499998
29746 1164 0.0337999980
30029 1164 0.0180333330
31578 1164 0.0333000003
61340 1164 0.0040000002
61489 1164 0.0951500005
63454 1164 0.0035999999
63952 1164 0.1069000000
65244 1164 0.0192666667
65907 1164 0.0700499990
116245 1164 0.0578666653
128698 1164 0.0162666663
130138 1164 0.0432333327
132525 1164 0.0080999999
133732 1164 0.0090000002
135965 1164 0.0205333330
137861 1164 0.0107999998
143971 1164 0.7372000200
1635 1281 0.0340666667
1651 1281 0.0522000003
2537 1281 0.0126000000
2615 1281 0.0246333330
4279 1281 0.0124000000
5492 1281 0.0010000000
5594 1281 0.0089999996
7585 1281 0.0150000000
9125 1281 0.0035999999
9899 1281 0.0383000000
10286 1281 0.0254500005
10422 1281 0.0044000000
10984 1281 0.0262000010
12212 1281 0.0060000001
13329 1281 0.0668333323
14340 1281 0.0124999996
19575 1281 0.0040000002
28853 1281 0.0102499998
29634 1281 0.0085000005
30029 1281 0.0189999990
31578 1281 0.0591333337
61198 1281 0.0210666673
61689 1281 0.0508000007
61753 1281 0.0124500000
61988 1281 0.0469333327
62549 1281 0.0304000010
62709 1281 0.0092666666
63454 1281 0.0116666663
63635 1281 0.0262000007
64103 1281 0.0708999997
65244 1281 0.0011000000
65686 1281 0.0078999996
116245 1281 0.0262000010
123500 1281 0.0189500005
128698 1281 0.0552333330
129120 1281 0.0119000000
132525 1281 0.0063000000
133732 1281 0.0128500000
137668 1281 0.0385000000
137861 1281 0.0146000005
138347 1281 0.0219333333
138613 1281 0.0060500000
138901 1281 0.0059000002
140736 1281 0.0331999990
143971 1281 0.0155000000
1635 1327 0.0725999997
2537 1327 0.0212500005
2615 1327 0.0184000000
3358 1327 0.0287000000
4279 1327 0.0148000000
4296 1327 0.0304499995
5594 1327 0.0333000000
7268 1327 0.0115999999
7585 1327 0.0540000010
9125 1327 0.0137666670
9483 1327 0.0046000001
14252 1327 0.0106000000
29634 1327 0.0151000000
30006 1327 0.0038999999
30540 1327 0.0386999995
31578 1327 0.0087000001
61689 1327 0.0297000003
61753 1327 0.0727666677
61988 1327 0.0252000007
62709 1327 0.0096000005
64103 1327 0.0220999998
65686 1327 0.0116000000
125014 1327 0.0159499995
135965 1327 0.0146000000
140736 1327 0.0222000000
1981 1331 0.0103000000
4115 1331 0.0159499995
5764 1331 0.0027000000
6196 1331 0.0332333337
6571 1331 0.0137000005
19305 1331 0.0006000000
28940 1331 0.0240333333
29287 1331 0.0290333330
65142 1331 0.0417333333
138901 1331 0.0149000000
2537 1635 0.0317666667
2615 1635 0.0160333336
2625 1635 0.0159000010
3358 1635 0.0866000007
3796 1635 0.0118999996
4279 1635 0.0583333320
5492 1635 0.0181000010
5594 1635 0.0904999977
6130 1635 0.0023000001
7268 1635 0.0960666660
9125 1635 0.0018000000
9311 1635 0.0204500005
9483 1635 0.0236000010
10286 1635 0.0035999999
10379 1635 0.0414999980
10588 1635 0.0129000000
13329 1635 0.0327999997
24428 1635 0.0155000000
24610 1635 0.0116499999
27997 1635 0.0363333343
28853 1635 0.0088666666
29241 1635 0.0023000001
29634 1635 0.0245500000
29746 1635 0.0209000000
30029 1635 0.0027999999
30228 1635 0.0142000000
30540 1635 0.0178000003
31578 1635 0.0262666661
31843 1635 0.0263333330
61198 1635 0.0114499995
61689 1635 0.0681000007
61712 1635 0.0082500000
61753 1635 0.0986666670
61903 1635 0.0271000013
61988 1635 0.1242333333
62549 1635 0.0276000004
62709 1635 0.0113499998
63454 1635 0.0043000001
63635 1635 0.0068999999
64088 1635 0.0278333337
64103 1635 0.0507000003
65142 1635 0.0044000000
65244 1635 0.0059500001
65686 1635 0.0225000010
110685 1635 0.0242999993
128698 1635 0.0220666666
129120 1635 0.0402666660
132525 1635 0.0079666667
133732 1635 0.0248000010
137668 1635 0.0656000000
137861 1635 0.0136000000
138347 1635 0.0545499995
138613 1635 0.0080000004
138901 1635 0.0103666668
140736 1635 0.0077499999
1773 1651 0.0166000005
1919 1651 0.0397000010
1981 1651 0.0162500000
2220 1651 0.0141500000
2393 1651 0.0004000000
2615 1651 0.0618000007
3796 1651 0.0293000010
4115 1651 0.0049000001
4279 1651 0.0160500000
4296 1651 0.0049999998
4494 1651 0.0336333327
5229 1651 0.0043000001
5492 1651 0.0414666657
5764 1651 0.0150666663
6268 1651 0.0180499995
6331 1651 0.0093499999
6379 1651 0.0071000000
6737 1651 0.0036500001
6908 1651 0.0251000000
7585 1651 0.0206000005
7964 1651 0.0041000000
8253 1651 0.0033000000
9203 1651 0.0038000001
9483 1651 0.0119666666
9590 1651 0.0057999999
9899 1651 0.0133500000
10379 1651 0.0177000000
10810 1651 0.0134000000
10984 1651 0.0073000002
11094 1651 0.0060000001
11096 1651 0.0184500000
11465 1651 0.0137499999
13329 1651 0.0238333329
24048 1651 0.0125000000
24361 1651 0.0238000005
24428 1651 0.0099999998
24708 1651 0.0093500001
25747 1651 0.0113000000
28853 1651 0.0142000000
28940 1651 0.0139000000
29287 1651 0.0073000002
29338 1651 0.0040000002
29634 1651 0.0009000000
30228 1651 0.0093000000
31578 1651 0.0204333327
61198 1651 0.0068999999
61676 1651 0.0082999999
61988 1651 0.0189000005
62549 1651 0.0083500000
63195 1651 0.0298000000
63952 1651 0.0162500001
65142 1651 0.0256666667
65244 1651 0.0202000003
65907 1651 0.0270000010
116245 1651 0.0073000002
123500 1651 0.0037000000
128698 1651 0.0067333333
130138 1651 0.0274000000
137668 1651 0.0285000000
138347 1651 0.0305000000
143971 1651 0.0266999990
1919 1773 0.1018666677
2220 1773 0.0855000017
2393 1773 0.0089500000
2802 1773 0.0103000000
4494 1773 0.0447666670
6268 1773 0.1002999993
6331 1773 0.0294000000
6379 1773 0.0680000000
6737 1773 0.0496666667
6908 1773 0.0641666663
8253 1773 0.0031000001
8599 1773 0.0269666667
9203 1773 0.0334000000
10301 1773 0.0283000000
11096 1773 0.0104499999
11465 1773 0.0423333333
16710 1773 0.0233333333
25747 1773 0.0071999998
28853 1773 0.0111000002
29338 1773 0.0259999993
61676 1773 0.0083999997
120048 1773 0.0445999990
6379 1919 0.0097000003
6908 1919 0.0006000000
8599 1919 0.0670666663
10422 1919 0.0445000010
13329 1919 0.0065000001
16710 1919 0.0436000010
24361 1919 0.0029000000
61198 1919 0.0005000000
61676 1919 0.0208999995
2220 1981 0.0029000000
2393 1981 0.0704666677
2802 1981 0.0431333337
5229 1981 0.0182000010
6268 1981 0.0387333347
6379 1981 0.0102999999
6737 1981 0.0806999997
6908 1981 0.0426000005
8253 1981 0.0001000000
9203 1981 0.0245666671
10301 1981 0.0171000010
11465 1981 0.0120500000
25747 1981 0.0264666662
10301 1988 0.0096000005
2393 2220 0.0057000001
6268 2220 0.0962000007
6331 2220 0.0174666670
6379 2220 0.0451333330
6737 2220 0.0587000017
6908 2220 0.0633666667
9203 2220 0.0142000000
10301 2220 0.0020000001
11096 2220 0.0455500000
11465 2220 0.0208666667
120048 2220 0.0010000000
2802 2393 0.0564999990
6268 2393 0.0539333337
6737 2393 0.0328000000
6908 2393 0.0059499998
8253 2393 0.0271000000
11096 2393 0.0190333340
11465 2393 0.0015000000
4115 2497 0.1245666663
7964 2497 0.0055000000
65142 2497 0.0074000000
2615 2537 0.0279000007
4296 2537 0.0065000001
5492 2537 0.0132000000
5594 2537 0.0066000000
6130 2537 0.0197999997
6196 2537 0.0029000000
7268 2537 0.0251000000
8162 2537 0.0128000000
9311 2537 0.0113000000
9483 2537 0.0973999993
10286 2537 0.0071000000
10588 2537 0.0046000001
13329 2537 0.0125000000
14252 2537 0.0141500000
14340 2537 0.0276499995
19575 2537 0.0303000010
24048 2537 0.0023000001
24428 2537 0.0508333347
25976 2537 0.0282000010
28853 2537 0.1308000000
29241 2537 0.0197999997
29746 2537 0.0245666667
30029 2537 0.0209333336
30228 2537 0.0080000000
30540 2537 0.0076499998
31578 2537 0.0223666670
31843 2537 0.1196333333
61198 2537 0.0168333336
61689 2537 0.0009000000
61712 2537 0.0558000010
61753 2537 0.0344000003
61903 2537 0.0098999999
61988 2537 0.0062000000
63195 2537 0.0254499995
64088 2537 0.0082500000
65142 2537 0.0237000010
65244 2537 0.0322000005
65686 2537 0.0261999995
65907 2537 0.0132000005
128698 2537 0.0302666667
129120 2537 0.0372666667
132525 2537 0.0085666667
133732 2537 0.0305666670
135965 2537 0.0264000000
137668 2537 0.0480999980
138347 2537 0.0408999990
138613 2537 0.0041500000
138901 2537 0.0200000000
3358 2615 0.0544000003
3796 2615 0.0218000005
4279 2615 0.0068666668
4296 2615 0.0336000000
5492 2615 0.0035000001
5594 2615 0.0073666670
8162 2615 0.0264999995
9483 2615 0.0553999993
9899 2615 0.0001000000
10286 2615 0.0066000000
10379 2615 0.0526000000
11465 2615 0.0133000000
13329 2615 0.0034000000
14252 2615 0.0145333331
14340 2615 0.0027999999
24048 2615 0.0044000001
24361 2615 0.0448000005
24428 2615 0.0490999990
24610 2615 0.0013000000
25098 2615 0.0394000000
28853 2615 0.0715333337
29634 2615 0.0052999998
30029 2615 0.0071666664
30228 2615 0.0750500000
31578 2615 0.0251666673
31843 2615 0.0316333343
61198 2615 0.0626333317
61340 2615 0.0230000000
61689 2615 0.0260666660
61712 2615 0.0504000000
61753 2615 0.0057999999
61988 2615 0.0611666663
62549 2615 0.0052499999
62709 2615 0.0264000000
63195 2615 0.0209666667
64088 2615 0.0024000001
64103 2615 0.0027999999
65142 2615 0.0072000001
65244 2615 0.0320666677
65686 2615 0.0152000000
128698 2615 0.0352500005
129120 2615 0.0134000000
133732 2615 0.0433500000
137861 2615 0.0096000000
138347 2615 0.0132500001
143971 2615 0.0033000000
3358 2625 0.0026000000
9311 2625 0.0057999999
12212 2625 0.0048000002
13329 2625 0.0520999990
19575 2625 0.0450000020
25098 2625 0.0179999990
29746 2625 0.0154000000
31578 2625 0.0225000010
31843 2625 0.0041000000
61988 2625 0.0427000000
63454 2625 0.0211000000
64088 2625 0.0193000010
65686 2625 0.0044999998
129120 2625 0.0300999990
133732 2625 0.0156000000
137668 2625 0.0309000000
137861 2625 0.0439000020
138347 2625 0.0361000000
140736 2625 0.0605000000
5229 2802 0.0375999990
6268 2802 0.0386000010
6331 2802 0.0113000000
6379 2802 0.0009000000
6737 2802 0.0100500000
6908 2802 0.0216000010
8253 2802 0.0182000010
11094 2802 0.0038000001
3796 3358 0.0607500005
4279 3358 0.0474000003
5492 3358 0.0546999997
5594 3358 0.0817666673
7268 3358 0.0130333330
8162 3358 0.0038000001
9483 3358 0.0330000000
10379 3358 0.0407000000
10588 3358 0.0333333323
13329 3358 0.0066500001
19575 3358 0.0178000000
24048 3358 0.0192000010
24428 3358 0.0086000003
24610 3358 0.0236666667
29634 3358 0.0016000000
30029 3358 0.0122333334
30228 3358 0.0260500005
30540 3358 0.0049499999
31578 3358 0.0308666663
31843 3358 0.0103500005
61198 3358 0.0144000000
61689 3358 0.0481666660
61712 3358 0.0094000001
61753 3358 0.0505000003
61988 3358 0.0832999997
62549 3358 0.0294333336
64088 3358 0.0503666650
64103 3358 0.0043000001
65244 3358 0.0242333333
65686 3358 0.0209999995
110685 3358 0.0173666667
123500 3358 0.0055000000
128698 3358 0.0044000000
129120 3358 0.0112000000
137668 3358 0.0162999999
138347 3358 0.0123000005
138613 3358 0.0055000000
138901 3358 0.0181000010
140736 3358 0.0020000001
4279 3796 0.0256999990
5492 3796 0.0702000000
5594 3796 0.0459000000
6765 3796 0.0068999999
8162 3796 0.0251000000
9483 3796 0.0328000000
10379 3796 0.0502000000
14252 3796 0.0057000001
19575 3796 0.0324999990
27997 3796 0.0016000000
30228 3796 0.0110000000
61689 3796 0.0233500005
61988 3796 0.0301500000
62549 3796 0.0592000000
64088 3796 0.0300500005
64103 3796 0.0237000010
110685 3796 0.0190000000
6196 4115 0.0070000002
6571 4115 0.0077000000
7964 4115 0.0164000000
9483 4115 0.0155999995
28853 4115 0.0204000010
31843 4115 0.0155000000
63195 4115 0.0243000000
65907 4115 0.0091000004
123500 4115 0.0193000010
138901 4115 0.0164000000
5492 4279 0.0496333330
5594 4279 0.0697000017
6130 4279 0.0301999990
7268 4279 0.0174333333
9311 4279 0.0307000000
9483 4279 0.0147000000
10379 4279 0.0041000000
10422 4279 0.0344999990
10588 4279 0.0279000005
13329 4279 0.0019000000
14340 4279 0.0105000000
19575 4279 0.0073000002
25098 4279 0.0191499994
29241 4279 0.0301999990
30029 4279 0.0046333334
31578 4279 0.0189666667
61340 4279 0.0090000000
61689 4279 0.0109666670
61753 4279 0.0199000003
61903 4279 0.0227000005
61988 4279 0.0214000007
62549 4279 0.0288000005
64088 4279 0.0541333333
64103 4279 0.0060333334
65244 4279 0.0560333330
65686 4279 0.0315333330
110685 4279 0.0577333347
128698 4279 0.0141499996
129120 4279 0.0168000005
137668 4279 0.0162000000
137861 4279 0.0009000000
138347 4279 0.0078999998
5492 4296 0.0212999990
9483 4296 0.0038000001
10379 4296 0.0122000000
24048 4296 0.0004000000
24361 4296 0.0177000000
30228 4296 0.0162000000
64103 4296 0.0016000000
129120 4296 0.0037000000
6268 4494 0.0101999999
6737 4494 0.0012000001
6908 4494 0.0014000000
11096 4494 0.0211999990
29338 4494 0.0216500005
63952 4494 0.0098999999
120048 4494 0.0847000030
137668 5166 0.0621000010
5860 5229 0.0043000001
6268 5229 0.0152000000
6379 5229 0.0038000001
6737 5229 0.0715999980
6908 5229 0.0550000000
8253 5229 0.0046000001
9203 5229 0.0603000000
10301 5229 0.0612000000
5594 5492 0.0362333337
5860 5492 0.0110500000
7268 5492 0.0103000000
9203 5492 0.0392999980
9483 5492 0.0157999990
10301 5492 0.0436500010
10379 5492 0.0117000000
10588 5492 0.0275000000
13329 5492 0.0107500002
24048 5492 0.0096499999
24361 5492 0.0364999990
28853 5492 0.0071999999
30228 5492 0.0063000000
61198 5492 0.0092000002
61753 5492 0.0020999999
61988 5492 0.0350666667
62549 5492 0.0127000000
63454 5492 0.0289999990
64088 5492 0.0283666670
65244 5492 0.0109000001
65686 5492 0.0184000000
110685 5492 0.0699666663
129120 5492 0.0236000010
138347 5492 0.0042500001
138613 5492 0.0028000000
138901 5492 0.0074999998
5764 5520 0.0179499995
7268 5520 0.0045500002
9203 5520 0.0346000010
9483 5520 0.0310999990
24361 5520 0.0037500001
28940 5520 0.0017000000
5860 5594 0.0094000001
6765 5594 0.0342999990
7268 5594 0.0488333330
8162 5594 0.0001000000
9311 5594 0.0066999998
10379 5594 0.0295000000
10588 5594 0.0224000000
13329 5594 0.0087000001
24610 5594 0.0212666667
27997 5594 0.0041000000
30540 5594 0.0167666667
31578 5594 0.0274000000
61198 5594 0.0381999980
61689 5594 0.0151999999
61712 5594 0.0329000020
61753 5594 0.0376000017
61988 5594 0.0993333363
62549 5594 0.0085000005
64088 5594 0.0262333333
64103 5594 0.0051000002
65142 5594 0.0031000001
110685 5594 0.0836000023
129120 5594 0.0309000000
137668 5594 0.0357000010
138347 5594 0.0216000010
138901 5594 0.0043000001
6571 5764 0.0117666667
10286 5764 0.0025499999
11094 5764 0.0060000001
28853 5764 0.0031999999
28940 5764 0.0012000001
29287 5764 0.0066999998
7268 5860 0.0024999999
10301 5860 0.0142000000
61988 5860 0.0005000000
62549 5860 0.0007000000
110685 5860 0.0066500001
7585 6130 0.0123000000
8162 6130 0.0260000010
9311 6130 0.1520000000
10232 6130 0.0069499998
10422 6130 0.0089999996
10588 6130 0.0030000000
12212 6130 0.0598999997
13329 6130 0.0243666660
14340 6130 0.0329000010
16710 6130 0.1032333330
19575 6130 0.0230000000
25098 6130 0.0324499995
25976 6130 0.0344333327
28853 6130 0.0387666680
29241 6130 0.7998999933
29634 6130 0.0027500000
29746 6130 0.0681333330
30029 6130 0.0499666667
30540 6130 0.0041000000
31578 6130 0.0269666673
31843 6130 0.0268333339
61198 6130 0.0066999998
61489 6130 0.0099000000
61676 6130 0.0487666663
61753 6130 0.0022000000
61903 6130 0.1024333350
61988 6130 0.0145000000
62709 6130 0.0329333337
63454 6130 0.0276333337
64088 6130 0.0174666671
65244 6130 0.0038000001
65686 6130 0.0221333334
65907 6130 0.0379999990
121257 6130 0.0412999993
125014 6130 0.0324666660
126597 6130 0.0367500000
128698 6130 0.0481333330
129120 6130 0.0226999996
132525 6130 0.0631000003
133732 6130 0.0355666663
135965 6130 0.0606333340
137668 6130 0.0219000000
137861 6130 0.0283000005
138347 6130 0.0543999980
138613 6130 0.0168000005
140736 6130 0.0201999990
6331 6196 0.0034000000
6571 6196 0.0123499999
16710 6196 0.0496499985
19575 6196 0.0288000000
24361 6196 0.0108000000
24428 6196 0.0001000000
28853 6196 0.0176000000
28940 6196 0.0004000000
29287 6196 0.0042499999
31843 6196 0.0024000001
61198 6196 0.0294666667
61988 6196 0.0103333333
63195 6196 0.0122500000
129120 6196 0.0085000005
133732 6196 0.0141000000
138347 6196 0.0080500000
6331 6268 0.0478000003
6379 6268 0.0311666660
6737 6268 0.0513999993
6908 6268 0.0559000000
8253 6268 0.0065000001
9203 6268 0.0349999990
9590 6268 0.0157000000
10301 6268 0.0595999995
11096 6268 0.0316666667
11465 6268 0.0717666673
25747 6268 0.0435666667
11094 6308 0.0007000000
6737 6331 0.0154500005
10301 6331 0.0071000000
11465 6331 0.0027999999
6737 6379 0.0384000020
6908 6379 0.0572000013
8253 6379 0.0118000001
9203 6379 0.0298999990
10422 6379 0.0089999996
11096 6379 0.0291000010
30228 6571 0.0259499995
63195 6571 0.0398666663
6908 6737 0.0641000010
8253 6737 0.0250000000
9590 6737 0.0027000001
10301 6737 0.0370000000
11094 6737 0.0168999990
11096 6737 0.0483999997
11465 6737 0.0336666657
8079 6765 0.0010000000
110685 6765 0.0150000000
8253 6908 0.0003000000
9203 6908 0.0255999995
10301 6908 0.0010000000
11096 6908 0.0487000013
11465 6908 0.0694333353
25747 6908 0.0345333330
9125 7268 0.0158000000
9483 7268 0.0233000000
24610 7268 0.0017000000
30540 7268 0.0229333337
61689 7268 0.0113333330
61753 7268 0.0328000000
61988 7268 0.0413666667
62549 7268 0.0179999990
110685 7268 0.0120000000
129120 7268 0.0170666669
138347 7268 0.0040000002
140736 7268 0.0076000001
9483 7585 0.0037000000
13329 7585 0.0405000000
28853 7585 0.0092000002
29241 7585 0.0123000000
29634 7585 0.0040000002
29746 7585 0.0094999995
30006 7585 0.0174000005
31578 7585 0.0054000001
61903 7585 0.0072500000
61988 7585 0.0210499995
64088 7585 0.0041999999
64103 7585 0.0026000000
128698 7585 0.0168000000
137861 7585 0.0005000000
138347 7585 0.0093000000
9899 7964 0.0598666667
10984 7964 0.0453000000
24361 7964 0.0215500005
24708 7964 0.0562333340
25976 7964 0.0015000000
31578 7964 0.0008000000
61489 7964 0.0433999997
63952 7964 0.0042500000
65907 7964 0.0638999995
116245 7964 0.0453000000
123500 7964 0.0216000010
138901 7964 0.0044999998
143971 7964 0.0099999998
8599 8017 0.0208500005
9483 8162 0.0071999999
10286 8162 0.0148000000
14252 8162 0.0101000000
19575 8162 0.0173000000
25098 8162 0.0149000000
28853 8162 0.0023000001
29241 8162 0.0260000010
29746 8162 0.0030000000
30029 8162 0.0043500001
30228 8162 0.0038999999
31843 8162 0.0102000000
61712 8162 0.0004000000
61988 8162 0.0163333334
62549 8162 0.0342000005
63195 8162 0.0005000000
65686 8162 0.0020999999
110685 8162 0.0174500000
129120 8162 0.0066000000
133732 8162 0.0189000000
137668 8162 0.0065000001
138347 8162 0.0244000000
9203 8253 0.0051000002
9483 8599 0.0111000000
25747 9125 0.0024000001
30228 9125 0.0099999998
64103 9125 0.0040000002
10301 9203 0.0417500000
11096 9203 0.0093999999
25747 9203 0.0065000001
10232 9311 0.0008000000
10422 9311 0.0049999999
10588 9311 0.0055999999
12212 9311 0.0476333327
13329 9311 0.0118666668
14340 9311 0.0399000010
16710 9311 0.0502333343
19575 9311 0.0280000010
25098 9311 0.0749500020
25976 9311 0.0552000007
27997 9311 0.0199000000
28853 9311 0.0204500000
29241 9311 0.1520000000
29634 9311 0.0194499995
29746 9311 0.0474000000
30029 9311 0.0292333333
31578 9311 0.0271666667
31843 9311 0.0116499994
61198 9311 0.0336000010
61489 9311 0.0143000002
61676 9311 0.0202999999
61753 9311 0.0160000010
61903 9311 0.1082333327
61988 9311 0.0209000000
62709 9311 0.0212333340
63454 9311 0.0060999999
64088 9311 0.0142333337
64103 9311 0.0115500000
65142 9311 0.0202500000
65686 9311 0.0140000000
65907 9311 0.0603999995
121257 9311 0.0275333340
125014 9311 0.0213333337
126597 9311 0.0305333327
128698 9311 0.0168666673
129120 9311 0.0123000000
132525 9311 0.0216333331
133732 9311 0.0501666677
135965 9311 0.0336333333
137668 9311 0.0270000010
137861 9311 0.0154000000
138347 9311 0.0251000000
138613 9311 0.0079666666
140736 9311 0.0108000000
10379 9483 0.0031000001
14252 9483 0.0348999997
24428 9483 0.0497333340
24610 9483 0.0027000001
25098 9483 0.0001000000
28853 9483 0.0860666657
30029 9483 0.0108000000
30228 9483 0.0281500005
30540 9483 0.0003000000
31843 9483 0.0708000000
61198 9483 0.0211666673
61689 9483 0.0179999990
61712 9483 0.0274500010
61753 9483 0.0434000010
61988 9483 0.0204000010
63195 9483 0.0218666660
63454 9483 0.0094999997
65142 9483 0.0151000000
65244 9483 0.0120000000
65907 9483 0.0011000000
129120 9483 0.0557999980
133732 9483 0.0089999996
138347 9483 0.0293000010
25747 9590 0.0292500005
10984 9899 0.0647333330
24361 9899 0.0071000000
24708 9899 0.0376333340
31578 9899 0.0183666667
61489 9899 0.0696999997
63454 9899 0.0020000001
63952 9899 0.0311666673
65686 9899 0.0044999998
65907 9899 0.0492500010
116245 9899 0.0647333330
123500 9899 0.0273000000
143971 9899 0.0740000010
10422 10232 0.0984999980
14340 10232 0.0236000010
29241 10232 0.0069499998
29634 10232 0.0074000000
62709 10232 0.0084000000
128698 10232 0.0256999990
138347 10232 0.0138000000
13329 10286 0.0034000000
25747 10286 0.0102333333
28853 10286 0.0038000001
28940 10286 0.0119000000
29287 10286 0.0175999995
30029 10286 0.0161500000
31578 10286 0.0224333343
31843 10286 0.0160000005
61198 10286 0.0017000000
61988 10286 0.0161666667
63195 10286 0.0164499999
65142 10286 0.0289000000
65686 10286 0.0089000000
129120 10286 0.0063000000
133732 10286 0.0199000000
138347 10286 0.0227000000
138901 10286 0.0134666664
24361 10379 0.0253000000
24610 10379 0.0040000002
27997 10379 0.0348999980
30540 10379 0.0016000000
31578 10379 0.0151000000
61689 10379 0.0062000002
61988 10379 0.0458000000
62549 10379 0.0287000000
62709 10379 0.0022000000
63454 10379 0.0004000000
64088 10379 0.0218000000
65244 10379 0.0031999999
110685 10379 0.0030000000
128698 10379 0.0054000001
129120 10379 0.0153000000
138347 10379 0.0070000002
13329 10422 0.0071000000
14340 10422 0.0003000000
16710 10422 0.0408000010
28853 10422 0.0066000000
29241 10422 0.0089999996
29634 10422 0.0082999999
61198 10422 0.0392000000
61676 10422 0.0515000000
62709 10422 0.0226000010
128698 10422 0.0068999999
137861 10422 0.0010000000
12212 10588 0.0134000000
27997 10588 0.0319000000
28853 10588 0.0016000000
29241 10588 0.0030000000
61198 10588 0.0183000010
61340 10588 0.0033000000
61753 10588 0.0133500001
61988 10588 0.0220999995
62549 10588 0.0300999990
64088 10588 0.0551000017
65244 10588 0.0367000010
110685 10588 0.0545000015
128698 10588 0.0206000000
133732 10588 0.0008000000
135965 10588 0.0063999998
138613 10588 0.0181000010
11094 10810 0.0119000000
24708 10810 0.0019000000
31578 10810 0.0031999999
63195 10810 0.0278999990
24361 10984 0.0113000000
24708 10984 0.0241499996
30029 10984 0.0188000000
61489 10984 0.0535666680
63952 10984 0.0397333330
65907 10984 0.0367500000
116245 10984 0.7575333300
123500 10984 0.0171000010
143971 10984 0.0579999980
11465 11096 0.0114000003
25747 11096 0.0063000000
13329 11465 0.0013000000
29338 11465 0.0038000001
13329 12212 0.0434666673
14340 12212 0.0236999997
25098 12212 0.0467000005
25976 12212 0.0532000010
28853 12212 0.0405499990
29241 12212 0.0598999997
29634 12212 0.0209000000
29746 12212 0.1065666673
30029 12212 0.0103500000
31578 12212 0.0484666673
31843 12212 0.0052999999
61198 12212 0.0086500000
61903 12212 0.0504666677
62709 12212 0.0354333337
63454 12212 0.0383000000
63635 12212 0.0219499995
64088 12212 0.0044000000
65244 12212 0.0087000001
65686 12212 0.0113500000
65907 12212 0.0236000010
121257 12212 0.0471000000
126597 12212 0.0180499996
128698 12212 0.0621666660
132525 12212 0.0163333330
133732 12212 0.0190666663
135965 12212 0.1031333333
137668 12212 0.0060000001
137861 12212 0.0277666667
138347 12212 0.0071500000
138613 12212 0.0219999995
140736 12212 0.0082999999
143971 12212 0.0242000000
14340 13329 0.0281666670
19575 13329 0.0640999970
25098 13329 0.0428500005
25976 13329 0.0159000010
28853 13329 0.0068000001
29241 13329 0.0243666660
29634 13329 0.0179000000
29746 13329 0.0365999993
30006 13329 0.0275000003
30540 13329 0.0144999997
31578 13329 0.1114666667
31843 13329 0.0332000003
61198 13329 0.0256666670
61689 13329 0.0161000003
61712 13329 0.0051999999
61753 13329 0.0793333340
61903 13329 0.0313666670
61988 13329 0.0953999997
62709 13329 0.0284000000
63454 13329 0.0130000005
63635 13329 0.0260333330
64088 13329 0.0034500001
64103 13329 0.0400666677
65142 13329 0.0083000001
65244 13329 0.0300999997
65686 13329 0.0278333339
128698 13329 0.0865000003
129120 13329 0.0648000003
130138 13329 0.0197000000
132525 13329 0.0384333337
133732 13329 0.0261333340
137668 13329 0.0618000005
137861 13329 0.0475000003
138347 13329 0.0869666687
138613 13329 0.0020999999
140736 13329 0.0437000005
143971 13329 0.0250000000
24361 14252 0.0020999999
24428 14252 0.0689000007
25098 14252 0.0076000001
30029 14252 0.0126000000
30228 14252 0.0512500015
31843 14252 0.0297333337
61198 14252 0.0144499995
61712 14252 0.0303666670
65244 14252 0.0018000000
129120 14252 0.0005000000
138347 14252 0.0310999990
19575 14340 0.0165000000
25098 14340 0.0160000010
25976 14340 0.0168000000
28853 14340 0.0158333336
29241 14340 0.0329000010
29634 14340 0.0478333327
29746 14340 0.0469000003
30006 14340 0.0015000000
30029 14340 0.0276000000
31578 14340 0.0194000000
61676 14340 0.0203000000
61753 14340 0.0038999999
61903 14340 0.0400500006
62709 14340 0.0191333337
64103 14340 0.0125000003
65244 14340 0.0020999999
65686 14340 0.0599666673
121257 14340 0.0530666677
128698 14340 0.0267000005
132525 14340 0.0447999980
133732 14340 0.0087000001
135965 14340 0.0423999997
137861 14340 0.0055999998
138347 14340 0.0110000000
138613 14340 0.0392666657
138901 14340 0.0035499999
25976 16710 0.0458999980
28853 16710 0.0074000000
29241 16710 0.1032333330
29746 16710 0.0018000000
30029 16710 0.0060000001
61676 16710 0.0661666673
61903 16710 0.0435500005
63454 16710 0.0282500011
121257 16710 0.0019000000
125014 16710 0.0245500005
135965 16710 0.0164666674
138347 16710 0.0187000000
31578 19305 0.0001000000
61988 19305 0.0070000002
63195 19305 0.0536000000
65142 19305 0.0153500000
138901 19305 0.0002000000
25098 19575 0.0733999980
29241 19575 0.0230000000
29746 19575 0.0546000000
30029 19575 0.0101000000
31578 19575 0.0330000000
31843 19575 0.0366999990
61198 19575 0.0077999998
61753 19575 0.0425000000
61903 19575 0.0225000010
61988 19575 0.0553999990
62709 19575 0.0132000000
63635 19575 0.0048000002
64088 19575 0.0494000020
64103 19575 0.0144000000
65686 19575 0.0175000000
129120 19575 0.0041999999
135965 19575 0.0243000000
137668 19575 0.0495000000
137861 19575 0.0368999990
138347 19575 0.0269000010
140736 19575 0.0044999998
24428 24048 0.0373000020
30029 24048 0.0166000000
30228 24048 0.0233999990
61198 24048 0.0094999997
65244 24048 0.0003000000
65686 24048 0.0110000000
121257 24048 0.0001000000
123500 24048 0.0307000000
128698 24048 0.0126000000
24428 24361 0.0006000000
24610 24361 0.0001000000
24708 24361 0.0099000001
30228 24361 0.0533999990
31843 24361 0.0088999998
61198 24361 0.0217499995
61340 24361 0.0134000000
61489 24361 0.0041000000
63952 24361 0.0346000010
65244 24361 0.0014000000
65686 24361 0.0082000000
116245 24361 0.0113000000
137668 24361 0.0258000010
24708 24428 0.0034000000
28853 24428 0.0506000007
30228 24428 0.0795500020
31843 24428 0.0273000003
61198 24428 0.0200666662
61489 24428 0.0099999998
61712 24428 0.0772333333
65244 24428 0.0026500001
65686 24428 0.0129000000
129120 24428 0.0142500000
138347 24428 0.0006000000
28940 24610 0.0107999995
30540 24610 0.0168999990
61689 24610 0.0146333333
61712 24610 0.0055000000
61753 24610 0.0035000001
64103 24610 0.0140500005
123500 24610 0.0044999998
138347 24610 0.0018000000
61489 24708 0.0213500000
63952 24708 0.0289666670
65244 24708 0.0211000000
65907 24708 0.0078999996
116245 24708 0.0241499996
123500 24708 0.0068000001
130138 24708 0.0074999998
27997 25098 0.0049000001
28853 25098 0.0050500000
29241 25098 0.0324499995
29634 25098 0.0196499996
29746 25098 0.0591000005
30029 25098 0.0200000005
31578 25098 0.0527500010
31843 25098 0.0362000000
61198 25098 0.0135999998
61340 25098 0.0104499999
61903 25098 0.0283000000
61988 25098 0.0143999998
62640 25098 0.0006000000
64088 25098 0.0547500010
64103 25098 0.0065000001
65244 25098 0.0397999995
65686 25098 0.0041500002
128698 25098 0.0332000004
129120 25098 0.0220000000
132525 25098 0.0126000000
133732 25098 0.0544000010
137668 25098 0.0281000010
137861 25098 0.0376999995
138347 25098 0.0339000005
140736 25098 0.0176000000
143971 25098 0.0223999990
29338 25747 0.0001000000
28853 25976 0.0163000000
29241 25976 0.0344333327
29746 25976 0.0128000005
31578 25976 0.0159000010
61489 25976 0.0194500004
61676 25976 0.0176000000
61903 25976 0.0129499993
62709 25976 0.0212500000
65907 25976 0.0294000000
121257 25976 0.0314666673
125014 25976 0.0150000000
126597 25976 0.0086500002
128698 25976 0.0254000000
132525 25976 0.0352000005
135965 25976 0.0624500010
138613 25976 0.0089500005
61689 27997 0.0074000000
61753 27997 0.0024999999
61988 27997 0.0134000000
64088 27997 0.0134499999
110685 27997 0.0132000000
140736 27997 0.0086000003
29241 28853 0.0387666680
29634 28853 0.0027000001
29746 28853 0.0122500000
30029 28853 0.0088000000
30228 28853 0.0323499995
30540 28853 0.0009000000
31578 28853 0.0420666673
31843 28853 0.0698999990
61198 28853 0.0157333330
61712 28853 0.0484666677
61753 28853 0.0182499995
61988 28853 0.0294000010
62709 28853 0.0277500005
63195 28853 0.0602999993
63454 28853 0.0002000000
65142 28853 0.0195000007
65244 28853 0.0324333337
65686 28853 0.0167000001
65907 28853 0.0009000000
128698 28853 0.0522000005
129120 28853 0.0254499995
132525 28853 0.0255999993
133732 28853 0.0550000000
135965 28853 0.0704000000
138901 28853 0.0024500001
143971 28853 0.0207000000
29287 28940 0.6635666500
30228 28940 0.0281000010
30540 28940 0.0050000001
61712 28940 0.0024333334
61988 28940 0.0030999999
63195 28940 0.0053499999
65142 28940 0.0205500005
138901 28940 0.0165999996
29634 29241 0.0027500000
29746 29241 0.0681333330
30029 29241 0.0499666667
30540 29241 0.0041000000
31578 29241 0.0269666673
31843 29241 0.0268333339
61198 29241 0.0066999998
61489 29241 0.0099000000
61676 29241 0.0565500000
61753 29241 0.0022000000
61903 29241 0.1024333350
61988 29241 0.0145000000
62709 29241 0.0329333337
63454 29241 0.0276333337
64088 29241 0.0174666671
65244 29241 0.0038000001
65686 29241 0.0221333334
65907 29241 0.0379999990
121257 29241 0.0243499995
125014 29241 0.0324666660
126597 29241 0.0304000010
128698 29241 0.0481333330
129120 29241 0.0226999996
132525 29241 0.0631000003
133732 29241 0.0355666663
135965 29241 0.0606333340
137668 29241 0.0219000000
137861 29241 0.0283000005
138347 29241 0.0543999980
138613 29241 0.0168000005
140736 29241 0.0201999990
30540 29287 0.0128999995
61712 29287 0.0094999997
61988 29287 0.0078999996
63195 29287 0.0048000000
65142 29287 0.0299999990
138901 29287 0.0036333334
30006 29338 0.0828000010
120048 29338 0.0035999999
132525 29338 0.0029000000
29746 29634 0.0056666666
30029 29634 0.0336666657
31578 29634 0.0139500005
61198 29634 0.0271000010
61676 29634 0.0038000001
61689 29634 0.0124000000
61712 29634 0.0049999999
61903 29634 0.0097000003
62709 29634 0.0136000000
63454 29634 0.0005000000
65244 29634 0.0111000001
65686 29634 0.0071999999
128698 29634 0.0213666664
132525 29634 0.0090000000
133732 29634 0.0262000005
135965 29634 0.0038999999
138901 29634 0.0122000000
30029 29746 0.0195500000
31578 29746 0.0111666666
31843 29746 0.0369333327
61198 29746 0.0307000000
61676 29746 0.0146666671
61903 29746 0.0813666677
61988 29746 0.0233666667
62709 29746 0.0279000003
63454 29746 0.0680999980
64088 29746 0.0248666663
64103 29746 0.0097000003
65244 29746 0.0104499995
65686 29746 0.0054999999
121257 29746 0.0772666683
125014 29746 0.0209000000
126597 29746 0.0259000003
128698 29746 0.0301333333
129120 29746 0.0379999990
132525 29746 0.0416000003
133732 29746 0.0409999993
135965 29746 0.0862333330
137668 29746 0.0489000010
137861 29746 0.0168999990
138347 29746 0.0287666660
138613 29746 0.0215666670
140736 29746 0.0159666669
64103 30006 0.0044999998
31578 30029 0.0220666667
61198 30029 0.0055000000
61340 30029 0.0115000000
61689 30029 0.0030500000
61988 30029 0.0085000000
62709 30029 0.0163666670
63454 30029 0.0140000000
64088 30029 0.0098000000
65244 30029 0.0037000001
65686 30029 0.0289999990
65907 30029 0.0068000001
116245 30029 0.0188000000
128698 30029 0.0212500005
133732 30029 0.0489333333
135965 30029 0.0348500000
138347 30029 0.0175333333
138613 30029 0.0238500005
138901 30029 0.0229499995
143971 30029 0.0190999990
31843 30228 0.0227999995
61198 30228 0.0554000005
61340 30228 0.0009000000
61689 30228 0.0071000000
61712 30228 0.0211999990
63195 30228 0.0334500000
65142 30228 0.0376500000
65244 30228 0.0111000006
137861 30228 0.0024999999
31578 30540 0.0153333333
31843 30540 0.0184000000
61689 30540 0.0398333333
61712 30540 0.0353000003
61753 30540 0.0963666673
61903 30540 0.0019000000
61988 30540 0.0810999993
63454 30540 0.0076000001
64103 30540 0.0334999993
137668 30540 0.0135000000
138347 30540 0.0030499999
138901 30540 0.0020000001
140736 30540 0.0113666666
31843 31578 0.0488666667
61198 31578 0.0500666660
61489 31578 0.0178000000
61689 31578 0.0322666674
61712 31578 0.0068999999
61753 31578 0.0705999980
61903 31578 0.0166500000
61988 31578 0.1056333330
62709 31578 0.0427666667
63195 31578 0.0103333333
63454 31578 0.0357666669
63635 31578 0.0123500000
63952 31578 0.0132000000
64088 31578 0.0269666663
64103 31578 0.0342000003
65142 31578 0.0119666671
65244 31578 0.0632333337
65686 31578 0.0322666667
65907 31578 0.0579000000
125014 31578 0.0114000000
128698 31578 0.0971333343
129120 31578 0.0623000005
130138 31578 0.0080999999
132525 31578 0.0405000003
133732 31578 0.0623999993
135965 31578 0.0496999993
137668 31578 0.0666000020
137861 31578 0.0964999993
138347 31578 0.0928666670
138901 31578 0.0151333337
140736 31578 0.0400500000
143971 31578 0.0469000000
61198 31843 0.0068000001
61340 31843 0.0009500000
61712 31843 0.0617333353
61753 31843 0.0429000010
61903 31843 0.0166500005
61988 31843 0.0239333333
62709 31843 0.0175000000
63195 31843 0.0003000000
63454 31843 0.0360333333
64088 31843 0.0221666670
64103 31843 0.0011000000
65142 31843 0.0112333333
65244 31843 0.0115333332
65686 31843 0.0132333333
65907 31843 0.0030000000
128698 31843 0.0243333323
129120 31843 0.0406666660
132525 31843 0.0265999993
133732 31843 0.0540333330
135965 31843 0.0275666663
137668 31843 0.0478999990
137861 31843 0.0144333333
138347 31843 0.0384999995
140736 31843 0.0146499997
61340 61198 0.0020999999
61676 61198 0.0083999997
61712 61198 0.0111000000
61753 61198 0.0768999980
61988 61198 0.0498000000
63195 61198 0.0281499990
63454 61198 0.0377999990
65142 61198 0.0148333333
65244 61198 0.0287000003
65686 61198 0.0169999995
65907 61198 0.0037000001
128698 61198 0.0534999985
129120 61198 0.0745333360
132525 61198 0.0068499999
133732 61198 0.0450999994
137668 61198 0.0704000000
137861 61198 0.0357333333
138347 61198 0.0691666663
62640 61340 0.1133333333
63952 61340 0.0175333337
64088 61340 0.0068000001
65244 61340 0.0625999993
65686 61340 0.0006000000
128698 61340 0.0199999995
63952 61489 0.0143000006
65907 61489 0.1265999985
116245 61489 0.0535666680
123500 61489 0.0214000010
135965 61489 0.0049999999
138901 61489 0.0150500000
143971 61489 0.0894000010
62709 61676 0.0086000003
120048 61676 0.0173000000
121257 61676 0.0648666683
125014 61676 0.0291999995
126597 61676 0.0113000005
128698 61676 0.0128500000
129120 61676 0.0030000000
132525 61676 0.0096000000
133732 61676 0.0069500000
135965 61676 0.0033000000
138347 61676 0.0055000000
138613 61676 0.0135000000
61753 61689 0.0607000007
61988 61689 0.0945000010
62709 61689 0.0213666663
63454 61689 0.0195000000
64088 61689 0.0162000000
64103 61689 0.3070666700
65686 61689 0.0215333331
128698 61689 0.0057000001
129120 61689 0.0300999990
133732 61689 0.0234000005
137668 61689 0.0106000000
137861 61689 0.0070000002
138347 61689 0.0170499995
138901 61689 0.0079500000
140736 61689 0.0327666670
61903 61712 0.0023000001
61988 61712 0.0182000000
62709 61712 0.0033000000
65142 61712 0.0163000001
65244 61712 0.0269499985
65686 61712 0.0043000001
128698 61712 0.0049000001
129120 61712 0.0033333333
132525 61712 0.0153000000
133732 61712 0.0111666671
137668 61712 0.0247000010
61903 61753 0.0194000010
61988 61753 0.1169666703
62709 61753 0.0092000002
63195 61753 0.0063999998
63454 61753 0.0265500000
64088 61753 0.0253000000
64103 61753 0.0282333340
65244 61753 0.0271666667
65686 61753 0.0208333337
110685 61753 0.0216999995
125014 61753 0.0148000000
128698 61753 0.0314666667
129120 61753 0.0813333317
132525 61753 0.0179499996
133732 61753 0.0197999989
137668 61753 0.0553000010
137861 61753 0.0154000005
138347 61753 0.0476666657
138901 61753 0.0008000000
140736 61753 0.0577666673
61988 61903 0.0247500005
62709 61903 0.0150000004
63454 61903 0.0167000000
64088 61903 0.0010000000
65686 61903 0.0133999995
121257 61903 0.0318000000
125014 61903 0.0006000000
126597 61903 0.0089500001
128698 61903 0.0233666657
129120 61903 0.0278999990
132525 61903 0.0407666663
133732 61903 0.0210499995
135965 61903 0.0558999993
137668 61903 0.0082999999
137861 61903 0.0227500010
138347 61903 0.0226000010
138613 61903 0.0055500002
140736 61903 0.0092000002
62549 61988 0.0024000001
62709 61988 0.0186500000
63195 61988 0.0360999993
63454 61988 0.0324000010
63635 61988 0.0353500005
64088 61988 0.0705666667
64103 61988 0.0590666670
65142 61988 0.0044499999
65244 61988 0.0205999993
65686 61988 0.0044000001
110685 61988 0.0154000007
128698 61988 0.0419333330
129120 61988 0.0475666670
132525 61988 0.0240000000
133732 61988 0.0344000003
137668 61988 0.0675999970
137861 61988 0.0437666660
138347 61988 0.0606000000
138901 61988 0.0177999997
140736 61988 0.1050000003
64088 62549 0.0031000001
65244 62549 0.0024999999
110685 62549 0.0290500000
65244 62640 0.0189500000
63454 62709 0.0074999998
64103 62709 0.0489999990
65686 62709 0.0100000003
121257 62709 0.0125000000
125014 62709 0.0137499995
128698 62709 0.0390999987
129120 62709 0.0258999995
132525 62709 0.0159500000
133732 62709 0.0438500005
135965 62709 0.0272000003
137668 62709 0.0122000000
137861 62709 0.0446666663
138347 62709 0.0190333326
138613 62709 0.0112666663
138901 62709 0.0108500001
63454 63195 0.0018000000
65142 63195 0.0435333330
65244 63195 0.0019000000
129120 63195 0.0133000000
133732 63195 0.0038000001
64103 63454 0.0031000001
65907 63454 0.0110000000
121257 63454 0.0170000000
125014 63454 0.0432333343
128698 63454 0.0073333337
129120 63454 0.0421333340
132525 63454 0.0180000000
133732 63454 0.0548666673
135965 63454 0.0598000003
137668 63454 0.0482000000
137861 63454 0.0018000000
138347 63454 0.0196999997
129120 63635 0.0051000002
133732 63635 0.0188000000
137861 63635 0.0147500000
138613 63635 0.0206000000
65244 63952 0.0207000003
65907 63952 0.0505999995
116245 63952 0.0397333330
128698 63952 0.0145500000
130138 63952 0.0429333337
143971 63952 0.1068000000
65244 64088 0.0048666667
65686 64088 0.0111000000
110685 64088 0.0628666677
128698 64088 0.0242000006
129120 64088 0.0073000002
133732 64088 0.0318000000
135965 64088 0.0017000000
137668 64088 0.0113000000
137861 64088 0.0181999996
138347 64088 0.0145666671
140736 64088 0.0286000000
65686 64103 0.0096000000
128698 64103 0.0152333333
129120 64103 0.0034000000
132525 64103 0.0031499999
133732 64103 0.0192000010
137668 64103 0.0194000010
137861 64103 0.0163500000
138347 64103 0.0331333343
138901 64103 0.0031000001
140736 64103 0.0250499990
128698 65142 0.0122000000
129120 65142 0.0134000000
65686 65244 0.0216500001
65907 65244 0.0219499995
128698 65244 0.0293333340
129120 65244 0.0286000003
130138 65244 0.0082999999
132525 65244 0.0291000010
133732 65244 0.0527999997
137668 65244 0.0160000010
137861 65244 0.0130000000
138347 65244 0.0229333333
138613 65244 0.0257000007
143971 65244 0.0217000000
65907 65686 0.0060000001
128698 65686 0.0375499985
129120 65686 0.0241333333
132525 65686 0.0044500000
133732 65686 0.0366999997
137668 65686 0.0553000010
137861 65686 0.0174666670
138347 65686 0.0241000003
138901 65686 0.0172000000
116245 65907 0.0367500000
123500 65907 0.0129000000
128698 65907 0.0099999998
129120 65907 0.0403999980
130138 65907 0.0064500003
133732 65907 0.0133000000
135965 65907 0.0305500015
137668 65907 0.0249000010
138347 65907 0.0423000010
138901 65907 0.0252999995
143971 65907 0.0612999980
123500 116245 0.0171000010
143971 116245 0.0579999980
125014 121257 0.0220000000
126597 121257 0.0185000000
128698 121257 0.0297499995
132525 121257 0.0465333323
133732 121257 0.0022000000
135965 121257 0.0762999993
137668 121257 0.0033000000
138613 121257 0.0868666683
135965 125014 0.0134000000
138347 125014 0.0322999990
140736 125014 0.0040000002
133732 126597 0.0145999995
135965 126597 0.0243333330
129120 128698 0.0298000003
130138 128698 0.0228499995
132525 128698 0.0952333337
133732 128698 0.0441666660
135965 128698 0.0627666690
137668 128698 0.0507000010
137861 128698 0.0518000010
138347 128698 0.0661000000
138613 128698 0.0176499995
138901 128698 0.0025000001
143971 128698 0.0300999990
132525 129120 0.0172666667
133732 129120 0.0635333336
135965 129120 0.0021000001
137668 129120 0.0700000000
137861 129120 0.0321500000
138347 129120 0.1059666680
138901 129120 0.0062000002
140736 129120 0.0238666660
132525 130138 0.0016000000
143971 130138 0.0755999980
133732 132525 0.0527500015
135965 132525 0.0570999993
137668 132525 0.0352000000
137861 132525 0.0162999997
138347 132525 0.0270333338
138613 132525 0.0090000000
143971 132525 0.0046999999
135965 133732 0.0270499995
137668 133732 0.0496000015
137861 133732 0.0436666663
138347 133732 0.0403666677
138613 133732 0.0004000000
138901 133732 0.0156999990
140736 133732 0.0189999990
143971 133732 0.0085000005
137668 135965 0.0322000010
138347 135965 0.0014000000
138613 135965 0.0036500000
143971 135965 0.0128000000
137861 137668 0.0284000000
138347 137668 0.1209000000
140736 137668 0.0104500000
138347 137861 0.0317333337
140736 137861 0.0137333333
143971 137861 0.0089999996
138613 138347 0.0040500001
138901 138347 0.0355999990
140736 138347 0.0258000000
