DL n=176
Format=edgelist1
Labels embedded
Data:
1635 1013 0.0153499995
1651 1013 0.0379999985
2537 1013 0.0442333333
2615 1013 0.0393666667
3358 1013 0.0106499999
4279 1013 0.0137500000
6130 1013 0.0401000010
7268 1013 0.0037000000
7585 1013 0.0256000005
7964 1013 0.0322999990
8162 1013 0.0182499996
9125 1013 0.0124500000
9483 1013 0.0165000000
9899 1013 0.0076000001
10286 1013 0.0218000001
13329 1013 0.0317500000
14252 1013 0.0068000000
16710 1013 0.0027000001
25976 1013 0.0235999995
28853 1013 0.0096000005
28940 1013 0.0138000000
29241 1013 0.0401000010
29634 1013 0.0162666671
29746 1013 0.0040000002
30029 1013 0.0149499995
31843 1013 0.0277999990
61712 1013 0.0092500005
61988 1013 0.0182500000
63195 1013 0.0285499995
63454 1013 0.0238666667
64088 1013 0.0206000000
64103 1013 0.0118000000
65142 1013 0.0581333320
65244 1013 0.0126666670
65686 1013 0.0123000000
126775 1013 0.0084500000
129120 1013 0.0170999999
132525 1013 0.0208666667
133732 1013 0.0397333340
135965 1013 0.0161000004
137861 1013 0.0020000001
138901 1013 0.0689500015
162055 1013 0.0087000001
1117 1056 0.0195000000
1327 1056 0.0052000000
1635 1056 0.0042500001
1651 1056 0.0102000001
2615 1056 0.0094000005
3358 1056 0.0091000004
5520 1056 0.0017000000
5594 1056 0.0022000000
7268 1056 0.0261333330
8017 1056 0.0119000000
24610 1056 0.0733333333
31843 1056 0.0263499995
61753 1056 0.0262000000
61988 1056 0.0313500010
62549 1056 0.0370000003
65244 1056 0.0011000000
125014 1056 0.0215333333
140736 1056 0.0401333343
1651 1117 0.0082000000
3358 1117 0.0306000000
7268 1117 0.0065000001
7585 1117 0.0074000000
24610 1117 0.0099999998
27997 1117 0.0248000005
29634 1117 0.0031000001
64088 1117 0.0029000000
64103 1117 0.0100999999
65686 1117 0.0017000000
6130 1164 0.0018000000
7964 1164 0.0315000010
9899 1164 0.0370000000
10984 1164 0.0342999990
12212 1164 0.0256999990
25976 1164 0.0318000020
29241 1164 0.0018000000
61489 1164 0.0520000010
63952 1164 0.0135000000
65244 1164 0.0126000000
126597 1164 0.0175000000
132525 1164 0.0188000000
135965 1164 0.0156999990
1635 1327 0.0334999995
5594 1327 0.0186000000
6130 1327 0.0224500000
7268 1327 0.0391000010
7585 1327 0.0062500001
9125 1327 0.0192499995
9311 1327 0.0058499998
9483 1327 0.0225000010
29241 1327 0.0224500000
29634 1327 0.0040000001
29746 1327 0.0030000001
30029 1327 0.0062000002
30540 1327 0.0501666663
31843 1327 0.0147000000
61753 1327 0.0234999990
61903 1327 0.0103000000
61988 1327 0.0485000015
62709 1327 0.0121499999
63454 1327 0.0184000001
64088 1327 0.0098000001
64103 1327 0.0575000010
121257 1327 0.0052999998
125014 1327 0.0030000000
126597 1327 0.0071000000
128698 1327 0.0278999990
132525 1327 0.0399666663
133732 1327 0.0168999990
135965 1327 0.0106000005
137861 1327 0.0114000000
140736 1327 0.0464333327
1651 1635 0.0228666663
2615 1635 0.0096000005
3358 1635 0.0256333333
4279 1635 0.0436999997
5492 1635 0.0087000000
5594 1635 0.0717666670
7268 1635 0.1096333333
9125 1635 0.0204500000
10286 1635 0.0204000010
13329 1635 0.0152000000
14340 1635 0.0073000002
24610 1635 0.0467333337
25976 1635 0.0024999999
27997 1635 0.0235500010
29746 1635 0.0093333330
30540 1635 0.0200999996
31843 1635 0.0137999995
61753 1635 0.0428666667
61903 1635 0.0031999999
61988 1635 0.0481666673
62709 1635 0.0135000000
64088 1635 0.0174500011
64103 1635 0.0280999998
110685 1635 0.0036000000
125014 1635 0.0099500002
129120 1635 0.0140500000
132525 1635 0.0218666667
137861 1635 0.0032499999
140736 1635 0.0310333337
143283 1635 0.0009000000
166433 1635 0.0350000000
1919 1651 0.0071000000
2537 1651 0.0219000005
2615 1651 0.0234999996
3358 1651 0.0204000010
4279 1651 0.0420333343
5492 1651 0.0279333337
5594 1651 0.0152000005
5764 1651 0.0035000001
6130 1651 0.0183499994
6196 1651 0.0168999990
7268 1651 0.0331500005
7585 1651 0.0314666670
9125 1651 0.0040000002
12212 1651 0.0082000000
13329 1651 0.0383000000
19305 1651 0.0004000000
24610 1651 0.0166000005
25976 1651 0.0208000000
28853 1651 0.0192666660
28940 1651 0.0093999999
29241 1651 0.0183499994
29634 1651 0.0210000005
29746 1651 0.0004000000
30029 1651 0.0180999999
30540 1651 0.0026000000
31843 1651 0.0046500001
61712 1651 0.0037000000
61753 1651 0.0259000010
61988 1651 0.0293000010
62640 1651 0.0115000000
63454 1651 0.0007000000
63635 1651 0.0083999997
64088 1651 0.0341000015
64103 1651 0.0346000004
65142 1651 0.0704666663
65244 1651 0.0335666677
110685 1651 0.0008000000
121257 1651 0.0070000000
125014 1651 0.0120000004
126597 1651 0.0027999999
126775 1651 0.0294000000
128698 1651 0.0307000000
129120 1651 0.0134666666
132525 1651 0.0316666667
133732 1651 0.0425666670
135965 1651 0.0049500000
137861 1651 0.0145500002
138613 1651 0.0184000005
138901 1651 0.0095000000
143283 1651 0.0031999999
158473 1651 0.0008000000
162055 1651 0.0518000010
162556 1651 0.0151000000
166208 1651 0.0289999990
166433 1651 0.0167999990
1919 1773 0.1216666633
2393 1773 0.0112333333
2615 1773 0.0041000000
4494 1773 0.0403999993
6331 1773 0.0245999990
6379 1773 0.0715333333
6737 1773 0.0527333347
6908 1773 0.0378333323
8017 1773 0.0217333337
9203 1773 0.0144000000
10232 1773 0.0122000000
11096 1773 0.0153000000
11465 1773 0.1384000050
13329 1773 0.0173000000
25747 1773 0.0206333330
28853 1773 0.0044000000
2615 1919 0.0167999990
6196 1919 0.0301000000
6737 1919 0.0129333333
7585 1919 0.0029000000
8599 1919 0.0097000002
9125 1919 0.0055000000
13329 1919 0.0226000006
16710 1919 0.0266999990
25747 1919 0.0005000000
61903 1919 0.0079499999
63454 1919 0.0107500003
125014 1919 0.0068999999
2393 1981 0.0340000000
2802 1981 0.0098000001
5764 1981 0.0085000005
6737 1981 0.0488000005
6908 1981 0.0158000000
9203 1981 0.0807500000
11465 1981 0.0056000000
19305 1981 0.0023000001
25747 1981 0.0121500001
6908 2393 0.0127000000
11465 2393 0.0219000000
4115 2497 0.0568333330
2615 2537 0.0139000000
3358 2537 0.0242000000
4115 2537 0.0366500010
5492 2537 0.0020999999
5594 2537 0.0018500000
6130 2537 0.0226000010
7268 2537 0.0195000000
7585 2537 0.0425499995
7964 2537 0.0008000000
8162 2537 0.0138000000
9125 2537 0.0012000001
9311 2537 0.0281333333
9483 2537 0.0575999990
9899 2537 0.0305000000
10286 2537 0.0225000010
12212 2537 0.0267333340
13329 2537 0.0300333333
14252 2537 0.0469000005
24428 2537 0.0606333330
25976 2537 0.0328666667
28853 2537 0.0956000013
29241 2537 0.0226000010
29634 2537 0.0163000000
29746 2537 0.0254000000
30029 2537 0.0174000000
30540 2537 0.0333000010
31843 2537 0.0986999993
61712 2537 0.0623333343
61753 2537 0.0077000000
61903 2537 0.0293000010
61988 2537 0.0149999995
63195 2537 0.0024999999
63454 2537 0.0256999990
63635 2537 0.0280000010
64088 2537 0.0349666670
64103 2537 0.0222000000
65142 2537 0.0151666666
65244 2537 0.0076666666
65686 2537 0.0468000000
126775 2537 0.0311999990
129120 2537 0.0246000000
132525 2537 0.0603666667
133732 2537 0.0803666663
135965 2537 0.0349666663
138613 2537 0.0101000000
138901 2537 0.0263666660
140736 2537 0.0033000000
162055 2537 0.0182000010
166208 2537 0.0182000010
3358 2615 0.0014000000
4279 2615 0.0033000000
9125 2615 0.0149000000
9483 2615 0.0424000005
16710 2615 0.0188500007
24610 2615 0.0151000005
30029 2615 0.0009000000
30540 2615 0.0242000000
31843 2615 0.0355000010
61712 2615 0.0148000000
61753 2615 0.0041000000
61988 2615 0.0264000009
62549 2615 0.0082999999
63195 2615 0.0052000000
63454 2615 0.0200500005
64103 2615 0.0566999990
65142 2615 0.0320000003
65244 2615 0.0001000000
65686 2615 0.0055999998
125014 2615 0.0449500010
126775 2615 0.0099999998
132525 2615 0.0061000000
133732 2615 0.0252000000
137861 2615 0.0006000000
11096 2802 0.0175999995
4279 3358 0.0860333337
5492 3358 0.0393333350
5594 3358 0.0706000007
6130 3358 0.0213000005
7268 3358 0.0210000000
7585 3358 0.0023000001
8162 3358 0.0129000000
10286 3358 0.0081000002
10588 3358 0.0271000010
13329 3358 0.0166666663
24610 3358 0.0286666663
25976 3358 0.0188000005
27997 3358 0.0164500005
28853 3358 0.0089999996
29241 3358 0.0213000005
29634 3358 0.0024999999
29746 3358 0.0216500005
30029 3358 0.0129333337
30540 3358 0.0046500002
31843 3358 0.0221500005
61712 3358 0.0048000001
61753 3358 0.0546999980
61903 3358 0.0123000000
61988 3358 0.0307000000
63454 3358 0.0088500000
64088 3358 0.1040000027
65244 3358 0.0335666660
65686 3358 0.0155000000
110685 3358 0.0537666667
129120 3358 0.0203333327
132525 3358 0.0166999995
133732 3358 0.0361666673
137861 3358 0.0078999996
138613 3358 0.0089499995
138901 3358 0.0141000000
140736 3358 0.0379333330
162556 3358 0.0024000001
166208 3358 0.0160000010
166433 3358 0.0370999980
6571 4115 0.0190999990
10286 4115 0.0301999997
19305 4115 0.0098000000
28853 4115 0.0092000002
31843 4115 0.0335000010
63195 4115 0.0026000000
64103 4115 0.0123000000
65142 4115 0.0024000001
138901 4115 0.0049000000
5492 4279 0.0511666660
5594 4279 0.0398000000
6130 4279 0.0052999998
7268 4279 0.0266666664
7585 4279 0.0043000001
9311 4279 0.0049000001
10588 4279 0.0171000010
13329 4279 0.0143000000
24610 4279 0.0134000000
27997 4279 0.0004000000
29241 4279 0.0052999998
29634 4279 0.0103000000
29746 4279 0.0032500001
30029 4279 0.0112000000
31843 4279 0.0014000000
61753 4279 0.0449000000
61903 4279 0.0038000001
61988 4279 0.0255500005
62549 4279 0.0348333330
63454 4279 0.0016000000
64088 4279 0.0625000000
64103 4279 0.0133000005
65244 4279 0.0310999993
65686 4279 0.0240000000
110685 4279 0.0629333333
129120 4279 0.0221000000
132525 4279 0.0119500000
133732 4279 0.0093000000
137861 4279 0.0049999999
138613 4279 0.0261999990
140736 4279 0.0177499989
6331 4494 0.0034000000
8017 4494 0.0065333333
11465 4494 0.0076000001
5860 5229 0.0012000001
6737 5229 0.0125333333
110685 5229 0.0170666661
5594 5492 0.0502666667
5860 5492 0.0239000015
7268 5492 0.0050999999
7585 5492 0.0046000001
9483 5492 0.0037000000
10588 5492 0.0502999980
13329 5492 0.0157000000
27997 5492 0.0230500010
28853 5492 0.0016000000
30029 5492 0.0094999997
31843 5492 0.0133000000
61753 5492 0.0156000000
61988 5492 0.0208499995
62549 5492 0.0068999999
63454 5492 0.0045499999
64088 5492 0.0699000000
65142 5492 0.0030000000
65244 5492 0.0004000000
110685 5492 0.0746000013
129120 5492 0.0005000000
132525 5492 0.0148000000
135965 5492 0.0054000001
138613 5492 0.0103000000
140736 5492 0.0118000000
162055 5492 0.0106000000
162556 5492 0.0330000000
166208 5492 0.0119000000
5860 5594 0.0087000000
7268 5594 0.0436666667
27997 5594 0.0452999990
30540 5594 0.0224000003
31843 5594 0.0067999998
61753 5594 0.0478999990
61988 5594 0.0166000005
62549 5594 0.0134999997
64088 5594 0.0288666667
110685 5594 0.0732666663
166433 5594 0.0693999980
6571 5764 0.0015333333
10286 5764 0.0202666666
11094 5764 0.0314999995
63195 5764 0.0060999999
65142 5764 0.0208333333
10588 5860 0.0113000000
11465 5860 0.0605000000
62549 5860 0.0057999999
110685 5860 0.0130500000
7268 6130 0.0002000000
7585 6130 0.0640500020
7964 6130 0.0139999997
9311 6130 0.1781000000
9483 6130 0.0335000010
9899 6130 0.0059500000
10232 6130 0.0071999999
10286 6130 0.0394000000
12212 6130 0.0792000010
13329 6130 0.0291666663
14252 6130 0.0019333333
14340 6130 0.0241000000
16710 6130 0.0773333337
25976 6130 0.1023666647
28853 6130 0.0489500015
29241 6130 0.7974333133
29634 6130 0.0031000001
29746 6130 0.0763333337
30029 6130 0.0455000003
30540 6130 0.0041999999
31843 6130 0.0265666670
61676 6130 0.0483999983
61712 6130 0.0109000004
61753 6130 0.0023000001
61903 6130 0.0955333330
62709 6130 0.0452333327
63454 6130 0.0537999999
63635 6130 0.0031000001
63952 6130 0.0057999999
64088 6130 0.0289999993
65142 6130 0.0381500010
65244 6130 0.0219500000
121257 6130 0.0348333330
126597 6130 0.0531000010
126775 6130 0.0491999980
128698 6130 0.0041000000
129120 6130 0.0687666660
132525 6130 0.0862333330
133732 6130 0.0747666673
135965 6130 0.0958000007
137861 6130 0.0437000010
138347 6130 0.0531999990
138613 6130 0.0399500000
138901 6130 0.0162000000
140736 6130 0.0333999990
158473 6130 0.0521500020
162055 6130 0.0088999998
166208 6130 0.0308000000
13329 6196 0.0119000000
30006 6196 0.0076000001
63454 6196 0.0001000000
6379 6331 0.0245500005
6737 6331 0.0155000000
11465 6331 0.0149000000
6908 6379 0.0154333333
120048 6379 0.0244000000
10286 6571 0.0218666670
63195 6571 0.0063500002
138901 6571 0.0016000000
6908 6737 0.0170666666
11096 6737 0.0252000007
11465 6737 0.0346000010
13329 6737 0.0018000000
25747 6737 0.0124000005
11096 6908 0.0131000000
11465 6908 0.0151500005
25747 6908 0.0226666670
8162 7268 0.0049499999
9125 7268 0.0177999996
9483 7268 0.0150000000
10588 7268 0.0068999999
16710 7268 0.0007000000
24610 7268 0.0071999999
27997 7268 0.0019000000
29241 7268 0.0002000000
30029 7268 0.0007000000
30540 7268 0.0279333337
61753 7268 0.0815000010
61988 7268 0.0388333334
62549 7268 0.0265500005
64088 7268 0.0349666683
65142 7268 0.0095000002
110685 7268 0.0149000001
125014 7268 0.0065000001
129120 7268 0.0014000000
132525 7268 0.0112000000
138901 7268 0.0020999999
140736 7268 0.0610999990
166433 7268 0.0460000000
9311 7585 0.0151000000
9483 7585 0.0419999995
10984 7585 0.0018000000
12212 7585 0.0294333327
13329 7585 0.0220499991
14252 7585 0.0329499995
14340 7585 0.0142000000
16710 7585 0.0132000006
25747 7585 0.0041999999
25976 7585 0.0443999997
28853 7585 0.0666666663
29241 7585 0.0640500020
29634 7585 0.0333500000
29746 7585 0.0440666660
30006 7585 0.0302500000
30029 7585 0.0240500000
31843 7585 0.0291666659
61712 7585 0.0201666673
61903 7585 0.0149500000
62640 7585 0.0017000000
62709 7585 0.0053000001
63454 7585 0.0487666663
63635 7585 0.0296500000
64088 7585 0.0087000001
64103 7585 0.0303000010
65142 7585 0.0201000005
65244 7585 0.0165999995
65686 7585 0.0300000005
125014 7585 0.0048000002
126775 7585 0.0297000009
128698 7585 0.0062000002
129120 7585 0.0153500000
132525 7585 0.0845666653
133732 7585 0.0426333340
135965 7585 0.0489333330
137861 7585 0.0294500010
138613 7585 0.0173999997
138901 7585 0.0007000000
140736 7585 0.0087000001
158473 7585 0.0283500010
162556 7585 0.0245999990
166208 7585 0.0277999990
9899 7964 0.0675333340
10286 7964 0.0351000020
10984 7964 0.0297000007
24708 7964 0.0268000000
25976 7964 0.0357000003
28853 7964 0.0108000000
29241 7964 0.0139999997
61489 7964 0.0669333340
61712 7964 0.0038999999
63952 7964 0.0171666667
65244 7964 0.0038500000
126597 7964 0.0207000000
129120 7964 0.0068000001
132525 7964 0.0221666667
133732 7964 0.0343999990
137861 7964 0.0172499995
138901 7964 0.0549666670
162055 7964 0.0114000000
166208 7964 0.0132000000
9311 8162 0.0211000000
9483 8162 0.0094499998
10286 8162 0.0044000000
31843 8162 0.0071000000
61988 8162 0.0098000001
63454 8162 0.0124000000
64088 8162 0.0122000000
133732 8162 0.0002000000
138901 8162 0.0153500007
140736 8162 0.0027000001
9203 8253 0.0010000000
9483 9125 0.0044999998
10286 9125 0.0057000001
24428 9125 0.0200666667
31843 9125 0.0152000000
61712 9125 0.0063000000
61753 9125 0.0192000010
64103 9125 0.0267999990
65142 9125 0.0020000001
132525 9125 0.0284333330
140736 9125 0.0084500000
166433 9125 0.0275000000
9483 9311 0.0027000001
12212 9311 0.0291000003
13329 9311 0.0306500005
14252 9311 0.0071000000
14340 9311 0.0057000001
16710 9311 0.1073999997
25976 9311 0.0655666650
28853 9311 0.0116999999
29241 9311 0.1781000000
29634 9311 0.0076000001
29746 9311 0.0567666663
30029 9311 0.0340666673
31843 9311 0.0258500010
61676 9311 0.0599666673
61712 9311 0.0020000001
61903 9311 0.0746333330
61988 9311 0.0118000000
62709 9311 0.0220000000
63454 9311 0.0238000003
64088 9311 0.0268333340
65244 9311 0.0038000001
121257 9311 0.0301333331
126597 9311 0.0356500000
126775 9311 0.0061500003
128698 9311 0.0035000001
129120 9311 0.0382666663
132525 9311 0.0601999997
133732 9311 0.0311333340
135965 9311 0.0659666683
137861 9311 0.0066999998
138347 9311 0.0330000000
138613 9311 0.0139500000
138901 9311 0.0205000010
140736 9311 0.0201000000
158473 9311 0.0107500000
10286 9483 0.0113000000
14252 9483 0.0766499975
14340 9483 0.0353999990
16710 9483 0.0066000000
24428 9483 0.0062000002
25976 9483 0.0095000000
28853 9483 0.0617499985
29241 9483 0.0335000010
29746 9483 0.0038000001
30029 9483 0.0105000000
30540 9483 0.0043499999
31843 9483 0.1103500000
61712 9483 0.0716499985
61753 9483 0.0262000000
63454 9483 0.0352000010
65142 9483 0.0236500010
65244 9483 0.0184500005
65686 9483 0.0407999995
125014 9483 0.0058500002
132525 9483 0.0302999995
133732 9483 0.0744000005
138347 9483 0.0001000000
138901 9483 0.0061000000
140736 9483 0.0023000001
10984 9899 0.0633999993
12212 9899 0.0337000000
24708 9899 0.0209999997
25976 9899 0.0287666663
29241 9899 0.0059500000
29634 9899 0.0194500004
29746 9899 0.0141500000
30029 9899 0.0222999995
61489 9899 0.0563999987
61712 9899 0.0027000001
63454 9899 0.0203000000
63952 9899 0.0181666674
65244 9899 0.0047333334
126775 9899 0.0283000000
132525 9899 0.0228666657
133732 9899 0.0216000005
135965 9899 0.0250000000
137861 9899 0.0030000000
138901 9899 0.0179666670
158473 9899 0.0056000000
162556 9899 0.0087000001
12212 10232 0.0076000001
16710 10232 0.0183000010
25976 10232 0.0124000000
28853 10232 0.0014000000
29241 10232 0.0071999999
30006 10232 0.0074000000
132525 10232 0.0121000000
135965 10232 0.0151000000
16710 10286 0.0134000000
19305 10286 0.0184333330
24428 10286 0.0027000001
25747 10286 0.0060999999
25976 10286 0.0149000000
28853 10286 0.0256999990
29241 10286 0.0394000000
30029 10286 0.0181500000
31843 10286 0.0182999999
61712 10286 0.0036000001
63195 10286 0.0316666663
63454 10286 0.0208333337
64088 10286 0.0060000001
64103 10286 0.0048000002
65142 10286 0.0342333333
65686 10286 0.0258000010
126775 10286 0.0140000000
129120 10286 0.0038000001
132525 10286 0.0335333330
133732 10286 0.0158333330
135965 10286 0.0106000000
137861 10286 0.0019000000
138901 10286 0.0151333334
140736 10286 0.0114000000
61753 10588 0.0071999999
61988 10588 0.0060999999
62549 10588 0.0119000000
64088 10588 0.0385000000
65244 10588 0.0041000000
110685 10588 0.1002000000
24708 10984 0.0357333337
30029 10984 0.0035999999
61489 10984 0.0623333317
63952 10984 0.0136333336
65686 10984 0.0010000000
123500 10984 0.0417000020
126775 10984 0.0101000000
132525 10984 0.0181666663
133732 10984 0.0038999999
138613 10984 0.0026500001
158473 10984 0.0059000002
162556 10984 0.0057999999
19305 11094 0.0072999999
11465 11096 0.0207000000
25747 11096 0.0267999990
25747 11465 0.0007000000
13329 12212 0.0446999993
14340 12212 0.0340999995
16710 12212 0.0081000002
25976 12212 0.1243999967
28853 12212 0.0327333350
29241 12212 0.0792000010
29634 12212 0.0071000000
29746 12212 0.0513999993
30029 12212 0.0269000000
31843 12212 0.0329500000
61712 12212 0.0154000000
61903 12212 0.0520666673
62709 12212 0.0507000000
63454 12212 0.0190333336
63635 12212 0.0145000000
63952 12212 0.0001000000
64088 12212 0.0098000001
64103 12212 0.0052000000
65244 12212 0.0193999999
126775 12212 0.0301500010
128698 12212 0.0472000020
129120 12212 0.0255999990
132525 12212 0.1056666667
133732 12212 0.0234000003
135965 12212 0.1568333333
137861 12212 0.0238666662
138613 12212 0.0428333330
138901 12212 0.0163500006
140736 12212 0.0024499999
158473 12212 0.0856000000
162055 12212 0.0062000002
166208 12212 0.0256999990
14340 13329 0.0195000000
25976 13329 0.0364333333
28853 13329 0.0208999989
29241 13329 0.0291666663
29634 13329 0.0189499990
29746 13329 0.0414333330
30029 13329 0.0315500000
31843 13329 0.0260499995
61753 13329 0.0299999990
61903 13329 0.0286000000
61988 13329 0.0558000005
62709 13329 0.0325499995
63454 13329 0.0113666667
63635 13329 0.0006500000
64088 13329 0.0254333340
64103 13329 0.0266000015
65142 13329 0.0156499993
65244 13329 0.0428666657
65686 13329 0.0181000010
125014 13329 0.0092000002
126775 13329 0.0506000010
128698 13329 0.0882000030
129120 13329 0.0585666653
132525 13329 0.0550666663
133732 13329 0.0453333320
135965 13329 0.0327000007
137861 13329 0.0410333333
138347 13329 0.0564999990
140736 13329 0.0498333337
158473 13329 0.0026000000
162055 13329 0.0285000000
166208 13329 0.0388999990
24428 14252 0.0052000001
25976 14252 0.0061666668
28853 14252 0.0154000000
29241 14252 0.0019333333
31843 14252 0.0613666673
61712 14252 0.0685333337
63454 14252 0.0238000010
65244 14252 0.0092000002
65686 14252 0.0241000000
132525 14252 0.0098000005
133732 14252 0.0247333340
135965 14252 0.0180000000
16710 14340 0.0020000001
25976 14340 0.0287999995
28853 14340 0.0197500000
29241 14340 0.0241000000
29634 14340 0.0060500000
29746 14340 0.0393500010
30029 14340 0.0065000001
61903 14340 0.0248000010
63454 14340 0.0144000000
64103 14340 0.0207000000
65142 14340 0.0044999998
65686 14340 0.0247999991
121257 14340 0.0268000005
126597 14340 0.0003000000
128698 14340 0.0230000000
132525 14340 0.0566499980
133732 14340 0.0396000000
135965 14340 0.0347000004
138613 14340 0.0379000010
158473 14340 0.0097000003
25976 16710 0.0461666660
28853 16710 0.0163666667
29241 16710 0.0773333337
29746 16710 0.0420333323
30029 16710 0.0390499995
30540 16710 0.0115500005
31843 16710 0.0043000001
61676 16710 0.0746999990
61903 16710 0.0174000000
63454 16710 0.0512666673
65142 16710 0.0218000000
65244 16710 0.0088999998
121257 16710 0.0061000000
125014 16710 0.0207666667
126597 16710 0.0027999999
126775 16710 0.0055000000
128698 16710 0.0093999999
129120 16710 0.0115000000
132525 16710 0.0308666663
133732 16710 0.0022000000
135965 16710 0.0421999990
138347 16710 0.0500000010
138613 16710 0.0148500005
138901 16710 0.0229000000
158473 16710 0.0073000002
61988 19305 0.0060999999
63195 19305 0.0695666673
65142 19305 0.0177999997
28853 24428 0.0522333337
31843 24428 0.0471000003
61489 24428 0.0201999990
61712 24428 0.1137333367
64103 24428 0.0154000000
65686 24428 0.0294000000
132525 24428 0.0129000003
133732 24428 0.0213333330
27997 24610 0.0077500001
30540 24610 0.0155666673
31843 24610 0.0126000006
61712 24610 0.0006000000
61753 24610 0.0156000000
64103 24610 0.0364999990
65244 24610 0.0024000001
125014 24610 0.0259666667
132525 24610 0.0043000001
133732 24610 0.0189000005
162055 24610 0.0006000000
166433 24610 0.0013000000
61489 24708 0.0217999990
63952 24708 0.0187666662
132525 24708 0.0086000003
133732 24708 0.0326999980
28853 25976 0.0483999997
29241 25976 0.1023666647
29634 25976 0.0288333333
29746 25976 0.1049333363
30006 25976 0.0153500005
30029 25976 0.0496500005
31843 25976 0.0522500000
61676 25976 0.0464666670
61712 25976 0.0114000000
61903 25976 0.0545999993
62709 25976 0.0287666677
63454 25976 0.0641333323
64088 25976 0.0397000010
65142 25976 0.0150000000
65244 25976 0.0366333340
65686 25976 0.0124000000
121257 25976 0.0622666663
126597 25976 0.0920500005
126775 25976 0.0443999990
128698 25976 0.0544999990
129120 25976 0.0360499996
132525 25976 0.1103666677
133732 25976 0.0436000003
135965 25976 0.1477333367
137861 25976 0.0375000000
138613 25976 0.0427000007
138901 25976 0.0121500000
140736 25976 0.0177000000
158473 25976 0.0787500035
162055 25976 0.0101000000
166208 25976 0.0318000020
61988 27997 0.0076000001
64088 27997 0.0180666675
110685 27997 0.0403999995
126775 27997 0.0190999990
140736 27997 0.0108999999
29241 28853 0.0489500015
29634 28853 0.0043000001
29746 28853 0.0306333333
30029 28853 0.0249000005
31843 28853 0.0639500005
61712 28853 0.0524000003
63195 28853 0.0091000002
63454 28853 0.0340666673
64088 28853 0.0148000000
64103 28853 0.0087000001
65142 28853 0.0333333333
65244 28853 0.0295000007
65686 28853 0.0167000000
126775 28853 0.0120000000
129120 28853 0.0287666670
132525 28853 0.0616000010
133732 28853 0.0655000010
135965 28853 0.0631999993
137861 28853 0.0137000000
138901 28853 0.0097333330
140736 28853 0.0022000000
158473 28853 0.0121000000
166208 28853 0.0193000010
65142 28940 0.0547333323
29634 29241 0.0031000001
29746 29241 0.0763333337
30029 29241 0.0455000003
30540 29241 0.0041999999
31843 29241 0.0265666670
61712 29241 0.0109000004
61753 29241 0.0023000001
61903 29241 0.0955333330
62709 29241 0.0452333327
63454 29241 0.0537999999
63635 29241 0.0031000001
63952 29241 0.0057999999
64088 29241 0.0289999993
65142 29241 0.0381500010
65244 29241 0.0219500000
126775 29241 0.0491999980
128698 29241 0.0041000000
129120 29241 0.0687666660
132525 29241 0.0862333330
133732 29241 0.0747666673
135965 29241 0.0958000007
137861 29241 0.0437000010
138347 29241 0.0531999990
138613 29241 0.0399500000
138901 29241 0.0162000000
140736 29241 0.0333999990
158473 29241 0.0521500020
162055 29241 0.0088999998
166208 29241 0.0308000000
30006 29338 0.0665500000
29746 29634 0.0224500000
30029 29634 0.0174999997
61712 29634 0.0330000000
61753 29634 0.0031999999
61988 29634 0.0017000000
62709 29634 0.0256999990
63454 29634 0.0127666667
64103 29634 0.0253000000
65244 29634 0.0213333334
126775 29634 0.0362999993
128698 29634 0.0392000000
132525 29634 0.0467333320
133732 29634 0.0135000004
135965 29634 0.0121000000
137861 29634 0.0290999997
138613 29634 0.0065499998
138901 29634 0.0126000000
140736 29634 0.0038000001
166208 29634 0.0003000000
30006 29746 0.0198000000
30029 29746 0.0205666667
31843 29746 0.0572000015
61676 29746 0.0414666667
61753 29746 0.0107000000
61903 29746 0.0678666660
61988 29746 0.0331000020
62709 29746 0.0351999997
63454 29746 0.0486000007
63635 29746 0.0054500001
64103 29746 0.0054000001
65142 29746 0.0078500000
65244 29746 0.0321999997
121257 29746 0.0657666673
125014 29746 0.0113000000
126597 29746 0.0616999995
126775 29746 0.0337000005
128698 29746 0.0348999980
129120 29746 0.0003000000
132525 29746 0.0615666657
133732 29746 0.0472666670
135965 29746 0.1228333333
137861 29746 0.0123500000
138613 29746 0.0478499995
140736 29746 0.0504333340
158473 29746 0.0465500000
166208 29746 0.0037000000
121257 30006 0.0234499990
126597 30006 0.0057000001
126775 30006 0.0051000001
132525 30006 0.0433666673
31843 30029 0.0260499995
61903 30029 0.0044000000
61988 30029 0.0057000001
62549 30029 0.0117000000
62709 30029 0.0269000010
63454 30029 0.0250500005
64088 30029 0.0177500000
64103 30029 0.0248000010
65142 30029 0.0037500001
65244 30029 0.0287999995
126775 30029 0.0044000000
128698 30029 0.0074000000
129120 30029 0.0074500000
132525 30029 0.0403333337
133732 30029 0.0220000010
135965 30029 0.0349333337
137861 30029 0.0146500000
138613 30029 0.0255666667
138901 30029 0.0194000000
140736 30029 0.0085500000
158473 30029 0.0417499985
162556 30029 0.0130000000
166208 30029 0.0007000000
61712 30540 0.0195999997
61753 30540 0.0913999970
61988 30540 0.0550999995
62549 30540 0.0014000000
64088 30540 0.0272333320
64103 30540 0.0274000000
132525 30540 0.0001000000
133732 30540 0.0073000002
140736 30540 0.0110666667
61712 31843 0.0591333330
61753 31843 0.0189999990
61903 31843 0.0099999998
61988 31843 0.0111000000
62709 31843 0.0138500000
63195 31843 0.0027000001
63454 31843 0.0486999997
63635 31843 0.0040000002
64088 31843 0.0207999993
64103 31843 0.0148000000
65142 31843 0.0094000004
65244 31843 0.0141000000
65686 31843 0.0341000010
125014 31843 0.0038999999
128698 31843 0.0317000000
129120 31843 0.0147000000
132525 31843 0.0438999993
133732 31843 0.0721000000
135965 31843 0.0438000007
137861 31843 0.0346000010
140736 31843 0.0241000000
162055 31843 0.0218000000
63952 61489 0.0147000000
133732 61489 0.0185000000
61903 61676 0.0154500000
62709 61676 0.0080000004
65244 61676 0.0105000000
121257 61676 0.0242666671
125014 61676 0.0017000000
126597 61676 0.0230000000
128698 61676 0.0022000000
132525 61676 0.0099999998
135965 61676 0.0300333327
138347 61676 0.0029000000
158473 61676 0.0141000000
62709 61712 0.0151000000
64088 61712 0.0031000001
65142 61712 0.0063999998
65244 61712 0.0125333333
65686 61712 0.0095666667
126775 61712 0.0002000000
129120 61712 0.0175000000
132525 61712 0.0183999995
133732 61712 0.0702333340
135965 61712 0.0076000001
138901 61712 0.0135999996
61988 61753 0.1225000050
63454 61753 0.0157999990
64088 61753 0.0483000020
64103 61753 0.0465999990
65244 61753 0.0133000000
65686 61753 0.0377999990
110685 61753 0.0351000020
128698 61753 0.0029000000
129120 61753 0.0286000000
132525 61753 0.0004000000
133732 61753 0.0304000010
137861 61753 0.0222000000
138347 61753 0.0129000000
138901 61753 0.0082000000
140736 61753 0.0753000010
61988 61903 0.0251000000
63454 61903 0.0175333334
64088 61903 0.0230333330
64103 61903 0.0071999999
121257 61903 0.0228666665
126597 61903 0.0281500005
126775 61903 0.0136499999
128698 61903 0.0250000000
129120 61903 0.0073000002
132525 61903 0.0239333333
133732 61903 0.0109666666
135965 61903 0.0773666673
137861 61903 0.0066999998
140736 61903 0.0208000003
158473 61903 0.0201000000
63454 61988 0.0346999990
64088 61988 0.0950499995
64103 61988 0.0893000010
65142 61988 0.0014000000
65244 61988 0.0134000000
110685 61988 0.0317000010
126775 61988 0.0250999990
128698 61988 0.0408000010
129120 61988 0.0320499995
133732 61988 0.0335000010
137861 61988 0.0243000000
138347 61988 0.0214000010
140736 61988 0.0616999995
63454 62549 0.0083666666
64088 62549 0.0154000005
110685 62549 0.0026333333
63952 62640 0.0060999999
65244 62640 0.0512000005
162556 62640 0.1534000000
166208 62640 0.0724999980
63635 62709 0.0169500000
64088 62709 0.0102000000
64103 62709 0.0175000000
65244 62709 0.0040000002
126775 62709 0.0535000000
128698 62709 0.0313999990
129120 62709 0.0356666667
132525 62709 0.0413999990
133732 62709 0.0161500000
135965 62709 0.0226000003
137861 62709 0.0330333343
138347 62709 0.0151000000
138613 62709 0.0063000000
140736 62709 0.0003000000
162055 62709 0.0276000000
63454 63195 0.0011000000
65142 63195 0.0402666667
133732 63195 0.0135000000
64088 63454 0.0181499996
64103 63454 0.0340000020
65142 63454 0.0350666667
65244 63454 0.0041000000
65686 63454 0.0174000000
121257 63454 0.0159999997
125014 63454 0.0181666666
126597 63454 0.0216000010
126775 63454 0.0219000000
128698 63454 0.0030000000
129120 63454 0.0396000015
132525 63454 0.0873999993
133732 63454 0.0414333347
135965 63454 0.0689333343
137861 63454 0.0145666670
138613 63454 0.0118666665
140736 63454 0.0258666674
158473 63454 0.0105499999
166208 63454 0.0055000000
64088 63635 0.0161500000
121257 63635 0.0018000000
126597 63635 0.0258000000
126775 63635 0.0144999994
132525 63635 0.0187666670
137861 63635 0.0044999998
138613 63635 0.0086333333
162055 63635 0.0123000000
166208 63635 0.0040000002
65244 63952 0.0135000000
126597 63952 0.0031000001
135965 63952 0.0066499999
158473 63952 0.0152000000
166208 63952 0.0142000000
65244 64088 0.0236000004
110685 64088 0.0523000000
126775 64088 0.0407666677
129120 64088 0.0252666667
132525 64088 0.0198000000
133732 64088 0.0147666660
135965 64088 0.0322999990
137861 64088 0.0403999980
138347 64088 0.0097000003
138613 64088 0.0178000000
138901 64088 0.0033000000
140736 64088 0.0577666660
158473 64088 0.0007000000
162055 64088 0.0366000010
166208 64088 0.0427000000
65686 64103 0.0253000000
125014 64103 0.0018000000
126775 64103 0.0379999990
128698 64103 0.0458999980
129120 64103 0.0375000010
132525 64103 0.0696000010
133732 64103 0.0366500000
137861 64103 0.0068999999
138347 64103 0.0447999980
138901 64103 0.0447999980
140736 64103 0.0333000010
65244 65142 0.0052999998
129120 65142 0.0065000000
132525 65142 0.0172666663
133732 65142 0.0083333333
138901 65142 0.0301000003
65686 65244 0.0052000000
126597 65244 0.0216999995
126775 65244 0.0524000000
128698 65244 0.0414999980
129120 65244 0.0287333337
132525 65244 0.0395999997
133732 65244 0.0120333334
135965 65244 0.0267000000
138613 65244 0.0054000001
140736 65244 0.0258999995
158473 65244 0.0229000005
162055 65244 0.0049000001
162556 65244 0.0903000010
166208 65244 0.0697000030
121257 65686 0.0240000000
126775 65686 0.0231000000
129120 65686 0.0041500000
132525 65686 0.0167499998
133732 65686 0.0360666677
137861 65686 0.0054000002
138613 65686 0.0008000000
138901 65686 0.0090000000
166433 110685 0.0104000000
125014 121257 0.0106000000
126597 121257 0.0340499990
126775 121257 0.0181000010
132525 121257 0.0664666680
135965 121257 0.0708999993
137861 121257 0.0104000000
138613 121257 0.0829666680
158473 121257 0.0243499995
126775 125014 0.0211999990
140736 125014 0.0062000002
132525 126597 0.0531000010
135965 126597 0.0946499995
137861 126597 0.0071000000
138613 126597 0.0632999990
140736 126597 0.0041000000
158473 126597 0.0965000020
132525 126775 0.0676500000
135965 126775 0.0500999990
137861 126775 0.0253999995
138613 126775 0.0283000000
138901 126775 0.0041999999
158473 126775 0.0205000010
166208 126775 0.0196000000
129120 128698 0.0266000000
132525 128698 0.0961000030
133732 128698 0.0627000030
135965 128698 0.0526000000
137861 128698 0.0456999990
138901 128698 0.0035000001
132525 129120 0.0561000010
133732 129120 0.0746666667
135965 129120 0.0220333340
137861 129120 0.0483333343
138347 129120 0.1985000100
138613 129120 0.0069666666
138901 129120 0.0050500003
140736 129120 0.0140000001
162055 129120 0.0995000000
166208 129120 0.0200999990
133732 132525 0.0454666657
135965 132525 0.1163333333
137861 132525 0.0523000000
138347 132525 0.0366000010
138613 132525 0.0527666670
138901 132525 0.0398333333
140736 132525 0.0288000005
158473 132525 0.0874499975
162055 132525 0.0096000005
166208 132525 0.0568000000
135965 133732 0.0527666657
137861 133732 0.0619666677
138347 133732 0.0390000010
138901 133732 0.0365333347
140736 133732 0.0384999997
158473 133732 0.0139999994
162055 133732 0.0326000010
166208 133732 0.0506000000
137861 135965 0.0503999990
138347 135965 0.0083999997
138613 135965 0.0296499990
138901 135965 0.0234000000
140736 135965 0.0204499995
158473 135965 0.0875000020
162055 135965 0.0038999999
166208 135965 0.0057000001
138347 137861 0.0153000000
138613 137861 0.0126500006
138901 137861 0.0027999999
140736 137861 0.0192666674
162055 137861 0.0188000000
138901 138613 0.0082000000
158473 138613 0.0637000015
166208 138613 0.0200999990
158473 138901 0.0173000001
162055 140736 0.0093000000
166208 140736 0.0034000000
166433 140736 0.0262000000
166208 158473 0.0239000000
