DL n=51
Format=edgelist1
Labels embedded
Data:
1078 1034 0.0055499999
4843 1034 0.0128500001
6315 1034 0.0391000003
7257 1034 0.0291000010
7505 1034 0.0441499995
9459 1034 0.0291000010
11040 1034 0.0149000002
11288 1034 0.0076000001
12580 1034 0.0365333337
12828 1034 0.0096000005
13365 1034 0.0262000000
14285 1034 0.0090666667
14446 1034 0.0045000000
20192 1034 0.0135666670
25623 1034 0.0074999998
27845 1034 0.0806666663
61745 1034 0.0236999997
65252 1034 0.0055999998
112033 1034 0.0430000010
1359 1078 0.0060000001
1478 1078 0.0360000010
2086 1078 0.0179500003
2403 1078 0.0375333333
4843 1078 0.0450666670
6266 1078 0.0098000000
6730 1078 0.0363000003
7257 1078 0.0182666670
7505 1078 0.0174000000
8530 1078 0.0559999993
9236 1078 0.0227000010
9459 1078 0.0182666670
11040 1078 0.0553333337
11288 1078 0.0198666670
13365 1078 0.0207666664
14285 1078 0.0445000007
14446 1078 0.0176000000
15708 1078 0.0002000000
20192 1078 0.0009500000
24473 1078 0.0093500000
27845 1078 0.0041999999
65252 1078 0.0001000000
66616 1078 0.0002000000
112033 1078 0.0029000000
2267 1239 0.0187333332
2403 1239 0.0098000000
3840 1239 0.0490666663
5169 1239 0.0201666671
7257 1239 0.0080000004
9459 1239 0.0080000004
11288 1239 0.0097000000
11609 1239 0.0268666663
2086 1359 0.0315999980
2403 1359 0.0061500000
4843 1359 0.0331000003
6266 1359 0.0093999999
6315 1359 0.0255000000
6730 1359 0.0023000001
7257 1359 0.0020000001
8530 1359 0.0417000000
9236 1359 0.0480000000
9458 1359 0.0046999999
9459 1359 0.0020000001
10848 1359 0.0331000003
11040 1359 0.0665666660
11288 1359 0.0052000000
12580 1359 0.0178500000
13365 1359 0.0193000010
14285 1359 0.0286000000
14446 1359 0.0500333347
14597 1359 0.0180000000
14918 1359 0.0678999993
15708 1359 0.0114000000
20192 1359 0.0413333327
24473 1359 0.0546666667
24856 1359 0.0215999996
27845 1359 0.0309666667
61508 1359 0.0123666667
61655 1359 0.0291999995
61745 1359 0.0153000000
63084 1359 0.0184500000
65252 1359 0.0736000020
66616 1359 0.0219000000
112033 1359 0.0250000000
2267 1478 0.0020999999
2403 1478 0.0369000000
2950 1478 0.0253000000
3840 1478 0.0055000001
4843 1478 0.0325666673
6266 1478 0.0301333337
6315 1478 0.0066499999
6730 1478 0.0295000000
7257 1478 0.0339666667
7505 1478 0.0387500005
8530 1478 0.0220000000
9236 1478 0.0262000000
9459 1478 0.0339666667
11040 1478 0.0248499990
11288 1478 0.0189000003
12580 1478 0.0454333343
13365 1478 0.0169000001
14597 1478 0.0173000000
15708 1478 0.0102000001
20192 1478 0.0059000002
25623 1478 0.0063999998
61655 1478 0.0031999999
112033 1478 0.0423000010
2267 2086 0.0020000001
6266 2086 0.0010000000
8666 2086 0.0385500005
11040 2086 0.0041000000
11288 2086 0.0210000000
14285 2086 0.0181500005
14597 2086 0.0201500000
30205 2086 0.0489999990
2403 2267 0.0030000000
2950 2267 0.0500999987
3840 2267 0.0198000000
4843 2267 0.0190999990
5169 2267 0.0031999999
6266 2267 0.0146000000
6315 2267 0.0072500001
8530 2267 0.0142000000
9236 2267 0.0023000001
11040 2267 0.0020999999
11288 2267 0.0132000000
11609 2267 0.0057999999
24782 2267 0.0211666660
63084 2267 0.0173000000
2950 2403 0.0035000001
3840 2403 0.0155500000
4843 2403 0.0271333340
6266 2403 0.0709000007
6315 2403 0.0059000000
6730 2403 0.0139666666
7257 2403 0.0345999993
7505 2403 0.0034000001
8530 2403 0.0344999990
9236 2403 0.0339000000
9458 2403 0.0161500005
9459 2403 0.0345999993
10848 2403 0.0238999995
11040 2403 0.0551333340
11288 2403 0.0493666663
12580 2403 0.0002000000
12828 2403 0.0134000000
13365 2403 0.0039000000
14285 2403 0.0068999999
14446 2403 0.0444666667
14597 2403 0.0064000000
14918 2403 0.0001000000
15708 2403 0.0033000001
20192 2403 0.0093666667
23133 2403 0.0066499999
24782 2403 0.0204333333
25000 2403 0.0258000010
25623 2403 0.0078333333
63084 2403 0.0106000000
65252 2403 0.0038000001
66616 2403 0.0023000001
112033 2403 0.0159000010
3840 2950 0.0185000000
6315 2950 0.0072500000
11040 2950 0.0128500006
11288 2950 0.0061999999
12580 2950 0.0034000000
13365 2950 0.0001000000
14918 2950 0.0134000000
20192 2950 0.0061500000
23133 2950 0.0160500005
24782 2950 0.0482333347
25000 2950 0.0086000003
25623 2950 0.0113666667
65252 2950 0.0082000000
112033 2950 0.0076000001
4843 3840 0.0163000002
5169 3840 0.0051000002
6266 3840 0.0073999997
7257 3840 0.0036500000
8530 3840 0.0127000000
9459 3840 0.0036500000
11288 3840 0.0053500000
13365 3840 0.0107000000
23133 3840 0.0110000000
24782 3840 0.0223000000
25000 3840 0.0797999985
25623 3840 0.0719000013
6266 4843 0.0220666670
6315 4843 0.0338000000
6730 4843 0.0207999993
7257 4843 0.0101000000
7505 4843 0.0320499995
8530 4843 0.0555666670
9236 4843 0.0930000020
9458 4843 0.0082999999
9459 4843 0.0101000000
10848 4843 0.0213000003
11040 4843 0.0614000013
11288 4843 0.0473999997
12580 4843 0.0089333334
13365 4843 0.0665000017
14285 4843 0.0401000010
14446 4843 0.0313333343
14597 4843 0.0217500005
14918 4843 0.0441500005
15708 4843 0.0205666660
20192 4843 0.0375666677
24473 4843 0.0268333330
24856 4843 0.0111500000
25000 4843 0.0165499999
25623 4843 0.0096000001
27845 4843 0.0690333360
30205 4843 0.0024999999
61508 4843 0.0328000000
61655 4843 0.0048500000
61745 4843 0.0015000000
63084 4843 0.0155333329
65252 4843 0.0914999990
66616 4843 0.0234999990
112033 4843 0.0557999980
6266 5169 0.0068333334
11288 5169 0.0243333330
11609 5169 0.0031000001
6315 6266 0.0074999998
7257 6266 0.0328666667
7505 6266 0.0166499995
8530 6266 0.0156000000
8666 6266 0.0011000000
9236 6266 0.0176000000
9458 6266 0.0041000001
9459 6266 0.0328666667
10848 6266 0.0057000000
11040 6266 0.0400999997
11288 6266 0.0527666670
12580 6266 0.0033000000
14446 6266 0.0277000000
14597 6266 0.0133000000
15708 6266 0.0110500001
23133 6266 0.0115000000
24473 6266 0.0141000000
24782 6266 0.0143666670
25623 6266 0.0102000000
30205 6266 0.0051000002
65252 6266 0.0211000000
6730 6315 0.0105000000
7257 6315 0.0131000000
7505 6315 0.0839500020
8530 6315 0.0165500003
8666 6315 0.0158000000
9236 6315 0.0097000003
9458 6315 0.0410333340
9459 6315 0.0131000000
10848 6315 0.0120000001
11040 6315 0.0231999997
11288 6315 0.0101000000
12580 6315 0.0442333330
13365 6315 0.0534000003
14285 6315 0.0197666665
14446 6315 0.0163333334
14597 6315 0.0013000000
14918 6315 0.0465333337
15708 6315 0.0008000000
23133 6315 0.0139999996
24473 6315 0.0105000000
24782 6315 0.0097000003
25623 6315 0.0443000003
27845 6315 0.0365666674
61508 6315 0.0275333327
61655 6315 0.0148333334
61745 6315 0.0192333333
63084 6315 0.0271000000
65252 6315 0.0595999990
66616 6315 0.0008000000
112033 6315 0.0493000000
11288 6427 0.0065000001
7257 6730 0.0193000010
7505 6730 0.0080000004
8530 6730 0.0492999997
9236 6730 0.0434999990
9459 6730 0.0193000010
10848 6730 0.0128000000
11040 6730 0.0560333343
12580 6730 0.0214000010
12828 6730 0.0167666667
13365 6730 0.0252666673
15708 6730 0.0073000002
20192 6730 0.0085999999
24473 6730 0.0057999999
27845 6730 0.0062000002
61655 6730 0.0063000000
63084 6730 0.0317666660
7505 7257 0.0334000015
8530 7257 0.0326999980
9236 7257 0.0392999980
9459 7257 0.9007666700
10848 7257 0.0065499998
11040 7257 0.0186333330
11288 7257 0.0130000003
12580 7257 0.0119499999
13365 7257 0.0146000004
14285 7257 0.0059000002
14446 7257 0.0436000000
23133 7257 0.0002000000
24473 7257 0.0595999990
24782 7257 0.0094000005
25000 7257 0.0141000000
25623 7257 0.0289999997
27845 7257 0.0146000000
112033 7257 0.0024000001
8530 7505 0.0219000000
9236 7505 0.0068999999
9459 7505 0.0334000015
10848 7505 0.0318000000
11040 7505 0.0300500000
11288 7505 0.0186000000
12580 7505 0.1252500000
12828 7505 0.0005000000
13365 7505 0.1271500000
14285 7505 0.0096000005
14446 7505 0.0491000005
14918 7505 0.0189000010
20192 7505 0.0121000000
23133 7505 0.0145999999
24856 7505 0.0061999999
25623 7505 0.0078000000
27845 7505 0.0672999995
61655 7505 0.0105000000
61745 7505 0.0431999990
9236 8530 0.0408000010
9459 8530 0.0326999980
10848 8530 0.0098500000
11040 8530 0.0772666673
11288 8530 0.0323500000
12580 8530 0.0188000005
12828 8530 0.0339499995
13365 8530 0.0354333333
14285 8530 0.0103000000
14918 8530 0.0117000006
15708 8530 0.0094333334
20192 8530 0.0228000003
24473 8530 0.0105500000
24856 8530 0.0133500000
25000 8530 0.0096000005
27845 8530 0.0110000000
61508 8530 0.0423000010
61655 8530 0.0344999990
63084 8530 0.0452333333
65252 8530 0.0392999980
66616 8530 0.0049000001
112033 8530 0.0259000010
9458 8666 0.0003000000
11288 8666 0.0088999998
12828 8666 0.0152500000
20192 8666 0.0031000001
30205 8666 0.0299500000
9458 9236 0.0154000000
9459 9236 0.0392999980
10848 9236 0.0181000010
11040 9236 0.0832000000
11288 9236 0.0071000000
14285 9236 0.0388000010
14446 9236 0.0364000010
14597 9236 0.0214000010
14918 9236 0.0270000010
15708 9236 0.0239000000
20192 9236 0.0407000000
24473 9236 0.0529999990
27845 9236 0.0310999990
61655 9236 0.0220000000
61745 9236 0.0215000010
11040 9458 0.0133500005
11288 9458 0.0077999998
12580 9458 0.0143000000
14285 9458 0.0033000000
14446 9458 0.0092000006
14597 9458 0.0055000000
14918 9458 0.0076999999
15708 9458 0.0102000000
24473 9458 0.0040000002
24782 9458 0.0083999997
24856 9458 0.0050499999
25000 9458 0.0008000000
25623 9458 0.0014000000
61508 9458 0.0159333333
61655 9458 0.0068000001
61745 9458 0.0199000000
63084 9458 0.0030000000
66616 9458 0.0176000000
112033 9458 0.0203000010
10848 9459 0.0065499998
11040 9459 0.0186333330
11288 9459 0.0130000003
12580 9459 0.0119499999
13365 9459 0.0146000004
14285 9459 0.0059000002
14446 9459 0.0436000000
23133 9459 0.0002000000
24473 9459 0.0595999990
24782 9459 0.0094000005
25000 9459 0.0141000000
25623 9459 0.0289999997
27845 9459 0.0146000000
112033 9459 0.0024000001
11040 10848 0.0848666680
11288 10848 0.0082999999
12580 10848 0.0370333327
12828 10848 0.0340666673
13365 10848 0.0381999990
14285 10848 0.0273333327
14446 10848 0.0079000000
14597 10848 0.0376666660
14918 10848 0.0179000003
20192 10848 0.0986666653
24473 10848 0.0500999997
24856 10848 0.0645666680
27845 10848 0.0304999993
61508 10848 0.0550000007
61655 10848 0.0398666673
61745 10848 0.0030500001
63084 10848 0.0417333333
65252 10848 0.0584999990
112033 10848 0.0185000000
11288 11040 0.0373000003
12580 11040 0.0336666657
12828 11040 0.0662666670
13365 11040 0.0578000000
14285 11040 0.0564666673
14446 11040 0.0649999987
14597 11040 0.0214500000
14918 11040 0.0555000010
15708 11040 0.0399999997
20192 11040 0.0867333340
24473 11040 0.0814666673
24856 11040 0.0721333337
25000 11040 0.0134000006
25623 11040 0.0234999993
27845 11040 0.0397000000
30205 11040 0.0111000002
61508 11040 0.0368666673
61655 11040 0.0379000007
61745 11040 0.0249999997
63084 11040 0.0693333313
65252 11040 0.0755999980
66616 11040 0.0298000000
112033 11040 0.0653999970
11609 11288 0.0128500001
12580 11288 0.0094999997
12828 11288 0.0048000002
13365 11288 0.0141000000
14285 11288 0.0005000000
14446 11288 0.0081000002
14597 11288 0.0031000001
15708 11288 0.0009000000
20192 11288 0.0020999999
23133 11288 0.0044500000
24782 11288 0.0610000010
25000 11288 0.0005000000
25623 11288 0.0268000003
61655 11288 0.0018000000
61745 11288 0.0023000001
63084 11288 0.0162000000
65252 11288 0.0016000000
112033 11288 0.0379999990
13365 12580 0.0889666667
14446 12580 0.0365333333
14597 12580 0.0199500000
14918 12580 0.0157333340
20192 12580 0.0150000000
24473 12580 0.0037000000
24782 12580 0.0097000001
24856 12580 0.0017666666
25000 12580 0.0136000001
25623 12580 0.0463333327
27845 12580 0.0789666670
61508 12580 0.0209000000
61655 12580 0.0091000004
61745 12580 0.0705666667
63084 12580 0.0114333336
65252 12580 0.0560000020
112033 12580 0.0742999990
14285 12828 0.0460666663
14446 12828 0.0140333333
14597 12828 0.0058999999
14918 12828 0.0053500000
20192 12828 0.0465333337
23133 12828 0.0234999990
24473 12828 0.0231500000
24856 12828 0.0460666663
30205 12828 0.0067500001
61508 12828 0.0645333340
61655 12828 0.0537000013
63084 12828 0.0593999997
65252 12828 0.0123000000
14285 13365 0.0343500000
14446 13365 0.0280666670
14918 13365 0.0239000000
15708 13365 0.0008000000
20192 13365 0.0274000000
24473 13365 0.0088999998
24782 13365 0.0020000001
24856 13365 0.0188000000
25000 13365 0.0520000010
25623 13365 0.0044999999
27845 13365 0.0654000007
61508 13365 0.0176000000
61655 13365 0.0030000000
61745 13365 0.0670666670
63084 13365 0.0259000006
65252 13365 0.0961999970
66616 13365 0.0008000000
112033 13365 0.0631000030
14446 14285 0.0255333329
14597 14285 0.0007000000
14918 14285 0.0172333337
20192 14285 0.0384999997
24473 14285 0.0387000000
24856 14285 0.0182999997
25000 14285 0.0014000000
27845 14285 0.0331000020
61508 14285 0.0264999993
61655 14285 0.0162666670
61745 14285 0.0097333336
63084 14285 0.0193000003
65252 14285 0.0240000000
112033 14285 0.0205000010
14597 14446 0.0136333330
14918 14446 0.0473666657
15708 14446 0.0221000010
20192 14446 0.0528000010
23133 14446 0.0013000000
24473 14446 0.0139500000
24782 14446 0.0018000000
24856 14446 0.0295666660
25623 14446 0.0139000000
27845 14446 0.0406666677
61508 14446 0.0045000001
61655 14446 0.0230000000
61745 14446 0.0178499995
63084 14446 0.0205333337
65252 14446 0.0502000000
66616 14446 0.0291000010
112033 14446 0.0107000000
14918 14597 0.0697333340
15708 14597 0.0045333335
20192 14597 0.0424999993
24473 14597 0.0192000010
25000 14597 0.0202000005
25623 14597 0.0031999999
27845 14597 0.0052999998
61508 14597 0.0129000000
61655 14597 0.0281333327
63084 14597 0.0134333330
65252 14597 0.0141000000
66616 14597 0.0012000001
20192 14918 0.0400000003
24473 14918 0.0532000003
24856 14918 0.0359999997
27845 14918 0.0443333340
61508 14918 0.0364999993
61655 14918 0.0608666663
61745 14918 0.0236000003
63084 14918 0.0699333337
65252 14918 0.0864999960
112033 14918 0.0227000010
20192 15708 0.0161000000
24856 15708 0.0163999999
25000 15708 0.0157000005
25623 15708 0.0054000001
27845 15708 0.0145000000
63084 15708 0.0141000000
65252 15708 0.0222000000
66616 15708 0.8187999700
112033 15708 0.0162000000
24473 20192 0.0656666670
24856 20192 0.0589333337
25000 20192 0.0147500000
27845 20192 0.0157499999
30205 20192 0.0178999999
61508 20192 0.0576333330
61655 20192 0.0417333343
61745 20192 0.0147499996
63084 20192 0.0326333333
65252 20192 0.0384000020
66616 20192 0.0166000000
112033 20192 0.0482000000
24473 23133 0.0143000000
24782 23133 0.0109000000
25623 23133 0.0538666663
24856 24473 0.0716000000
27845 24473 0.0270333340
61508 24473 0.0536666660
61655 24473 0.0373666663
61745 24473 0.0195500005
63084 24473 0.0570666667
65252 24473 0.0286000000
112033 24473 0.0145000000
25000 24782 0.0109000000
25623 24782 0.1304666667
61745 24782 0.0027000001
65252 24782 0.0074999998
27845 24856 0.0254000005
30205 24856 0.0038000001
61508 24856 0.0965333337
61655 24856 0.0778666657
61745 24856 0.0078999996
63084 24856 0.1148333333
65252 24856 0.0226000010
112033 24856 0.0033000000
25623 25000 0.0280000000
30205 25000 0.0063000000
61745 25000 0.0064500000
63084 25000 0.0273000010
65252 25000 0.0399999990
66616 25000 0.0170000010
112033 25000 0.0494000020
27845 25623 0.0130000004
61745 25623 0.0433333340
65252 25623 0.0418000000
66616 25623 0.0054000001
112033 25623 0.0595000010
61655 27845 0.0342000020
61745 27845 0.0608000023
63084 27845 0.0298000010
65252 27845 0.1298000100
112033 27845 0.0623999980
61508 30205 0.0128000000
63084 30205 0.0173000010
61655 61508 0.0628666680
61745 61508 0.0020000001
63084 61508 0.0859666690
65252 61508 0.0423999990
112033 61508 0.0253000000
61745 61655 0.0031999999
63084 61655 0.0581666667
65252 61655 0.0182000010
112033 61655 0.0313999990
65252 61745 0.0495000000
112033 61745 0.0419999990
65252 63084 0.0549000020
66616 63084 0.0231000000
112033 63084 0.0584000010
66616 65252 0.0222000000
112033 65252 0.0718000010
112033 66616 0.0162000000
